31088	3809	3	5	0	1	1
35882	3801	1	8	0	1	2
40878	3807	1	1	0	1	3
45789	3796	1	5	0	1	4
50769	3802	2	7	0	1	5
55885	3805	2	6	0	1	6
60982	3791	2	1	0	1	7
65842	3800	1	6	0	1	8
70635	3793	3	2	0	1	9
75589	3807	3	1	0	1	10
80655	3792	2	2	0	1	11
85609	3806	3	6	0	1	12
90650	3800	3	8	0	1	13
95589	3796	2	4	0	1	14
100389	3796	1	7	0	1	15
105473	3798	2	5	0	1	16
110567	3805	1	4	0	1	17
115573	3800	1	3	0	1	18
120696	3797	3	7	0	1	19
125633	3794	3	3	0	1	20
130506	3804	1	2	0	1	21
135574	3805	2	8	0	1	22
140485	3796	3	4	0	1	23
145315	3801	2	3	0	1	24
182803	7728	6	8	4	1	1
192323	6328	6	5	1	1	2
200425	8212	1	3	4	1	3
210645	15411	6	2	4	1	4
228167	11661	5	4	4	1	5
241888	1945	1	8	1	1	6
245822	1492	5	7	4	1	7
249073	2275	2	2	1	1	8
253424	4313	2	7	1	1	9
259826	4584	6	4	1	1	10
266278	2341	3	7	1	1	11
270363	1675	2	6	1	1	12
274147	2909	4	2	4	1	13
279082	7110	4	5	4	1	14
288018	6845	1	2	1	1	15
296820	3625	2	8	1	1	16
302472	4359	1	6	1	1	17
308874	7492	5	8	1	1	18
318110	16044	1	4	4	1	19
336282	13662	6	3	4	1	20
352037	5726	3	5	1	1	21
359572	2563	2	4	1	1	22
363924	7714	2	3	4	1	23
373543	3791	4	8	4	1	24
379145	12027	3	3	4	1	25
393066	5092	3	1	1	1	26
399934	5776	6	7	4	1	27
407753	4525	5	3	4	1	28
414072	8646	3	8	4	1	29
424642	7612	4	1	4	1	30
434111	6942	6	6	4	1	31
443114	7210	1	1	1	1	32
452433	6510	4	3	4	1	33
460886	4492	2	5	1	1	34
467304	5525	4	6	4	1	35
474573	2024	3	2	1	1	36
478308	5310	1	7	1	1	37
485726	2031	5	6	4	1	38
489844	7577	5	2	4	1	39
499464	10077	4	4	4	1	40
511401	2012	1	5	1	1	41
515452	2625	3	4	4	1	42
520187	5892	5	1	4	1	43
528022	7143	2	1	1	1	44
537275	5577	5	5	4	1	45
544894	6658	3	6	1	1	46
553396	10943	6	1	4	1	47
566434	7741	4	7	4	1	48
621379	3795	1	9	0	2	25
626434	3808	3	12	0	2	26
631660	3800	3	16	0	2	27
636766	3796	3	9	0	2	28
641644	3802	2	10	0	2	29
646757	3808	3	13	0	2	30
651620	3796	2	9	0	2	31
656406	3795	3	11	0	2	32
661361	3808	3	14	0	2	33
666250	3803	1	15	0	2	34
671342	3797	1	12	0	2	35
676547	3792	1	13	0	2	36
681537	3805	2	16	0	2	37
686365	3794	1	10	0	2	38
691403	3790	3	10	0	2	39
696187	3792	1	16	0	2	40
701177	3804	1	14	0	2	41
706115	3801	2	15	0	2	42
711200	3799	1	11	0	2	43
716026	3793	2	13	0	2	44
720826	3794	3	15	0	2	45
725663	3792	2	11	0	2	46
730707	3798	2	12	0	2	47
735642	3799	2	14	0	2	48
787816	5777	2	10	1	2	49
795585	21482	2	15	1	2	50
818792	10313	3	10	1	2	51
831012	2942	6	12	4	2	52
835797	13078	5	9	4	2	53
850851	1474	1	13	1	2	54
854469	3325	4	9	4	2	55
859837	8546	6	16	4	2	56
870240	5231	5	16	4	2	57
877509	2308	2	11	1	2	58
881777	3059	2	14	1	2	59
886862	3742	4	12	4	2	60
892547	1624	3	16	1	2	61
896198	2125	5	11	4	2	62
900249	2143	4	15	4	2	63
904517	6546	4	11	4	2	64
912820	3857	1	10	4	2	65
918571	3042	5	14	4	2	66
923506	4659	6	9	4	2	67
929891	1642	2	13	1	2	68
933626	5743	6	10	4	2	69
941078	1441	3	14	1	2	70
944312	2625	6	13	4	2	71
948747	4931	5	13	4	2	72
955499	4715	1	9	1	2	73
962067	8879	6	15	4	2	74
973004	6712	5	10	4	2	75
981540	7426	3	11	4	2	76
990909	6326	2	16	1	2	77
999045	4225	2	9	1	2	78
1005063	1494	4	13	4	2	79
1008581	6726	1	11	1	2	80
1017284	5896	4	10	1	2	81
1025203	1525	5	15	4	2	82
1028754	11244	1	15	1	2	83
1041808	9645	3	13	4	2	84
1053511	5728	2	12	1	2	85
1061330	4811	6	11	4	2	86
1068032	2576	1	12	1	2	87
1072417	2375	4	16	1	2	88
1076885	6025	5	12	4	2	89
1084720	6075	6	14	4	2	90
1092739	3893	3	15	1	2	91
1098708	4442	3	9	1	2	92
1105176	5494	3	12	1	2	93
1112495	5630	4	14	4	2	94
1120064	2675	1	16	4	2	95
1124666	7810	1	14	1	2	96
1174818	3803	2	17	0	3	49
1180007	3798	1	22	0	3	50
1185067	3807	2	19	0	3	51
1190162	3796	3	22	0	3	52
1195211	3799	2	21	0	3	53
1200307	3806	3	18	0	3	54
1205280	3801	2	23	0	3	55
1210288	3792	3	23	0	3	56
1215400	3801	2	20	0	3	57
1220627	3807	1	23	0	3	58
1225746	3806	1	18	0	3	59
1230641	3795	3	20	0	3	60
1235568	3804	2	22	0	3	61
1240643	3798	1	17	0	3	62
1245549	3793	1	21	0	3	63
1250476	3801	1	20	0	3	64
1255639	3806	3	19	0	3	65
1260741	3805	2	18	0	3	66
1265892	3806	3	24	0	3	67
1270992	3809	1	19	0	3	68
1275813	3804	1	24	0	3	69
1280950	3802	3	21	0	3	70
1285944	3793	3	17	0	3	71
1290811	3796	2	24	0	3	72
1345548	12547	3	18	1	3	97
1360102	9944	4	23	4	3	98
1372139	2259	1	19	1	3	99
1376223	8459	1	23	1	3	100
1386593	8993	6	22	4	3	101
1397663	3607	3	19	1	3	102
1403015	13693	2	24	4	3	103
1418536	10766	6	23	4	3	104
1431406	5243	4	19	1	3	105
1438425	4125	4	20	4	3	106
1444360	2126	3	23	1	3	107
1448395	4925	3	24	1	3	108
1455197	2959	5	18	4	3	109
1460215	5442	5	19	4	3	110
1467417	1791	1	22	1	3	111
1471118	5878	4	18	4	3	112
1478854	7076	6	18	4	3	113
1487656	3541	1	18	4	3	114
1493141	8614	2	22	1	3	115
1503561	4311	2	21	1	3	116
1509730	4175	6	20	4	3	117
1515981	5360	4	21	1	3	118
1523250	3741	2	19	1	3	119
1528952	4525	4	22	4	3	120
1535454	6410	1	20	1	3	121
1543640	8628	4	24	4	3	122
1554393	3609	6	17	1	3	123
1560061	1927	1	17	1	3	124
1563812	4728	5	24	4	3	125
1570381	4670	5	17	4	3	126
1576916	5843	3	17	1	3	127
1584518	5310	5	21	4	3	128
1591871	11677	5	23	4	3	129
1605675	11078	6	19	4	3	130
1618829	1791	1	21	1	3	131
1622346	3642	2	18	4	3	132
1627898	7892	6	21	4	3	133
1637701	10578	2	20	1	3	134
1650138	1674	5	22	4	3	135
1653822	3909	6	24	4	3	136
1659641	8577	2	17	4	3	137
1670227	6227	5	20	4	3	138
1678363	3709	1	24	4	3	139
1684081	7310	3	20	4	3	140
1693117	13129	3	22	4	3	141
1708088	6675	4	17	4	3	142
1716657	11767	3	21	4	3	143
1730445	2788	2	23	1	3	144
1783524	3793	2	32	0	4	73
1788604	3799	2	25	0	4	74
1793423	3798	3	30	0	4	75
1798429	3794	3	31	0	4	76
1803352	3805	1	25	0	4	77
1808519	3807	2	27	0	4	78
1813493	3801	1	29	0	4	79
1818420	3810	3	27	0	4	80
1823362	3801	3	26	0	4	81
1828268	3796	2	31	0	4	82
1833303	3796	1	32	0	4	83
1838345	3806	1	27	0	4	84
1843244	3808	2	29	0	4	85
1848159	3794	3	25	0	4	86
1852954	3801	2	26	0	4	87
1858138	3802	2	30	0	4	88
1863264	3796	1	26	0	4	89
1868137	3806	3	32	0	4	90
1873019	3792	1	31	0	4	91
1878167	3795	2	28	0	4	92
1883118	3796	1	28	0	4	93
1888154	3793	3	29	0	4	94
1893299	3801	3	28	0	4	95
1898310	3791	1	30	0	4	96
1959396	3409	1	31	1	4	145
1964781	10994	6	31	4	4	146
1977885	2911	1	29	1	4	147
1982603	1908	2	27	1	4	148
1986337	4693	6	30	4	4	149
1993106	2660	1	27	1	4	150
1997841	4477	6	27	4	4	151
2004259	1827	5	26	4	4	152
2008144	5109	4	32	4	4	153
2015012	8127	2	25	1	4	154
2025199	6859	5	25	1	4	155
2033985	9061	4	29	4	4	156
2045105	3692	1	32	1	4	157
2050640	2075	3	25	1	4	158
2054608	7843	5	28	4	4	159
2064260	5776	5	31	4	4	160
2071896	8179	3	29	1	4	161
2081899	5032	4	27	4	4	162
2088968	9211	6	25	4	4	163
2099888	1930	1	30	1	4	164
2103805	10749	4	31	4	4	165
2116326	2124	3	28	1	4	166
2120327	7542	6	26	4	4	167
2129713	7161	3	30	4	4	168
2138832	2925	3	27	4	4	169
2143734	3592	4	25	4	4	170
2149419	5194	1	26	4	4	171
2156388	4126	3	31	1	4	172
2162439	4693	6	28	4	4	173
2169141	12478	6	32	4	4	174
2183396	4925	2	32	1	4	175
2190314	2992	2	28	1	4	176
2195316	2941	5	32	4	4	177
2200417	4168	4	26	1	4	178
2206619	4542	3	32	4	4	179
2213104	4343	1	28	4	4	180
2219390	6209	5	29	4	4	181
2227609	11328	1	25	4	4	182
2240996	7245	4	28	4	4	183
2250082	4025	5	30	4	4	184
2256151	2393	2	26	1	4	185
2260602	4759	2	30	1	4	186
2267437	4944	4	30	4	4	187
2274406	9010	3	26	4	4	188
2285242	6011	5	27	4	4	189
2293295	4593	2	31	4	4	190
2299880	2243	2	29	4	4	191
2304181	3635	6	29	4	4	192
