34538	3811	3	6	0	1	1
39459	3808	2	5	0	1	2
44405	3796	3	7	0	1	3
49339	3797	3	1	0	1	4
54300	3804	2	8	0	1	5
59381	3807	3	2	0	1	6
64383	3807	3	3	0	1	7
69283	3790	2	1	0	1	8
74284	3791	1	5	0	1	9
79314	3797	1	1	0	1	10
84441	3804	3	8	0	1	11
89310	3803	1	6	0	1	12
94305	3793	2	2	0	1	13
99161	3806	2	3	0	1	14
104235	3799	1	8	0	1	15
109165	3802	2	6	0	1	16
114296	3807	1	4	0	1	17
119363	3808	1	3	0	1	18
124363	3792	3	4	0	1	19
129272	3801	3	5	0	1	20
134269	3806	1	2	0	1	21
139111	3797	2	7	0	1	22
143972	3806	1	7	0	1	23
149147	3799	2	4	0	1	24
184832	3494	6	8	4	1	1
190400	1925	1	3	1	1	2
194434	4812	4	4	1	1	3
201319	4010	3	8	1	1	4
207471	7209	4	8	4	1	5
216757	1312	3	6	1	1	6
220141	5992	2	1	1	1	7
228210	5891	5	6	4	1	8
236212	3559	5	1	4	1	9
241847	5892	3	7	1	1	10
249815	1826	1	1	1	1	11
253717	4341	3	2	1	1	12
260168	4241	6	2	4	1	13
266520	6059	5	5	4	1	14
274655	2024	2	4	1	1	15
278806	8251	5	3	4	1	16
289143	4075	1	7	1	1	17
295344	6744	4	1	4	1	18
304163	4943	2	7	4	1	19
311182	3207	3	3	1	1	20
316500	6125	5	7	4	1	21
324752	7125	5	4	4	1	22
333954	4024	1	4	1	1	23
340106	4559	4	6	4	1	24
346741	4659	3	5	1	1	25
353510	6042	6	5	4	1	26
361628	3410	1	2	1	1	27
367113	25731	2	5	1	1	28
394971	8743	6	6	4	1	29
405790	5659	2	6	1	1	30
413526	2091	2	3	1	1	31
417743	5992	4	7	4	1	32
425862	6726	4	5	4	1	33
434714	8310	6	1	4	1	34
445101	2357	1	6	1	1	35
449535	6308	2	2	1	1	36
457921	5459	1	5	1	1	37
465506	5859	5	2	4	1	38
473475	6076	6	7	4	1	39
481644	3277	1	8	1	1	40
486995	1558	2	8	1	1	41
490646	5793	4	2	4	1	42
498531	7827	6	4	4	1	43
508434	3307	3	1	1	1	44
513935	7609	5	8	4	1	45
523621	4941	3	4	1	1	46
530657	7285	6	3	4	1	47
540059	6075	4	3	4	1	48
2179893	3806	2	11	0	2	25
2185079	3806	3	11	0	2	26
2190119	3799	2	15	0	2	27
2195061	3793	1	12	0	2	28
2199949	3806	2	9	0	2	29
2204711	3794	1	13	0	2	30
2209709	3799	3	16	0	2	31
2214622	3804	1	11	0	2	32
2219719	3792	2	12	0	2	33
2224790	3806	2	13	0	2	34
2229982	3797	2	16	0	2	35
2235038	3793	1	9	0	2	36
2240001	3797	3	15	0	2	37
2245184	3801	1	15	0	2	38
2250246	3806	3	10	0	2	39
2255191	3795	1	10	0	2	40
2260158	3796	2	14	0	2	41
2264966	3806	3	14	0	2	42
2269872	3802	3	9	0	2	43
2274886	3805	1	14	0	2	44
2279899	3794	3	13	0	2	45
2285026	3802	3	12	0	2	46
2290181	3797	2	10	0	2	47
2294975	3806	1	16	0	2	48
2333001	3674	5	16	4	2	49
2338385	4242	3	14	1	2	50
2344387	4425	6	12	4	2	51
2350522	5844	2	13	1	2	52
2358074	3092	1	15	1	2	53
2362925	8310	4	14	4	2	54
2372995	5442	4	11	4	2	55
2380146	4777	2	11	1	2	56
2386648	5993	4	16	4	2	57
2394350	4824	2	9	1	2	58
2400935	8944	6	14	4	2	59
2411588	4208	1	11	1	2	60
2417523	7426	6	13	4	2	61
2426709	7777	4	10	4	2	62
2436195	7577	3	12	1	2	63
2445480	5145	3	15	1	2	64
2452332	2927	1	12	1	2	65
2457017	6578	6	11	4	2	66
2465302	5594	3	16	1	2	67
2472604	4660	5	12	4	2	68
2478973	7308	1	13	1	2	69
2488042	9135	4	12	4	2	70
2498928	8044	5	11	1	2	71
2508681	5341	2	14	4	2	72
2515732	8193	3	13	1	2	73
2525702	7393	6	10	1	2	74
2534854	5092	6	15	4	2	75
2541656	9042	3	11	4	2	76
2552459	3625	4	9	4	2	77
2557844	5225	4	13	4	2	78
2564845	4726	5	13	4	2	79
2571280	12112	3	9	1	2	80
2585101	3123	2	10	1	2	81
2589935	6525	2	12	1	2	82
2598171	7243	5	14	4	2	83
2607123	3843	1	10	1	2	84
2612725	6860	5	15	4	2	85
2621294	3659	2	15	1	2	86
2626712	6625	4	15	4	2	87
2635047	5775	3	10	1	2	88
2642533	4941	2	16	1	2	89
2649218	7759	5	9	4	2	90
2658704	6891	6	9	4	2	91
2667306	5597	1	14	1	2	92
2674608	3275	1	9	1	2	93
2679592	3343	1	16	1	2	94
2684694	7326	6	16	4	2	95
2693796	6792	5	10	4	2	96
2723129	3799	2	22	0	3	49
2728197	3798	3	23	0	3	50
2733184	3796	1	18	0	3	51
2738295	3803	1	23	0	3	52
2743171	3794	3	21	0	3	53
2747950	3799	3	17	0	3	54
2752861	3791	3	22	0	3	55
2757715	3805	1	19	0	3	56
2762807	3798	1	24	0	3	57
2768011	3794	2	18	0	3	58
2773036	3805	1	17	0	3	59
2777899	3793	2	24	0	3	60
2783005	3805	3	18	0	3	61
2787962	3798	3	19	0	3	62
2792794	3802	3	20	0	3	63
2797755	3793	2	21	0	3	64
2802582	3800	1	20	0	3	65
2807467	3798	2	19	0	3	66
2812247	3804	3	24	0	3	67
2817136	3800	2	17	0	3	68
2821977	3794	1	22	0	3	69
2826822	3798	2	23	0	3	70
2831879	3793	1	21	0	3	71
2836744	3797	2	20	0	3	72
2929042	6867	4	24	1	3	97
2937694	2892	3	21	1	3	98
2942362	4592	2	19	1	3	99
2948730	6425	3	22	1	3	100
2956983	5424	6	19	4	3	101
2964235	3640	4	21	4	3	102
2969653	4125	1	19	1	3	103
2975588	7025	5	23	4	3	104
2984423	5909	5	22	4	3	105
2992142	9893	6	18	1	3	106
3003812	5457	2	23	4	3	107
3011047	6658	5	21	4	3	108
3019483	6958	3	19	1	3	109
3028218	9176	3	20	1	3	110
3039221	6643	6	17	4	3	111
3047640	3042	2	24	1	3	112
3052458	3392	1	20	1	3	113
3057676	4341	6	21	4	3	114
3063794	7458	3	17	1	3	115
3073030	5409	3	18	1	3	116
3080215	10643	3	23	4	3	117
3092669	8826	6	20	4	3	118
3103288	6360	6	23	4	3	119
3111424	4175	2	20	1	3	120
3117425	7498	5	18	4	3	121
3126694	2245	2	18	1	3	122
3130712	7726	3	24	1	3	123
3140265	5759	4	23	1	3	124
3147833	4761	4	19	4	3	125
3154368	2025	2	22	1	3	126
3158169	1759	2	17	1	3	127
3161704	2223	1	22	1	3	128
3165738	4325	4	17	4	3	129
3171840	5024	1	18	1	3	130
3178691	5643	5	24	4	3	131
3186160	3659	4	22	4	3	132
3191645	3408	5	19	4	3	133
3196829	6426	1	21	4	3	134
3205082	4075	6	24	4	3	135
3210933	5610	2	21	1	3	136
3218369	4909	4	20	1	3	137
3225120	7344	4	18	4	3	138
3234239	6808	1	24	1	3	139
3242825	8693	1	23	4	3	140
3253294	2107	1	17	1	3	141
3257179	6162	6	22	1	3	142
3265164	6410	5	17	4	3	143
3273400	11109	5	20	4	3	144
141124	3810	3	27	0	4	73
146238	3798	1	30	0	4	74
151281	3804	2	30	0	4	75
156424	3798	1	29	0	4	76
161207	3800	1	27	0	4	77
166096	3796	2	27	0	4	78
171127	3798	2	28	0	4	79
176226	3802	1	32	0	4	80
181296	3800	3	26	0	4	81
186219	3796	3	30	0	4	82
191205	3793	2	31	0	4	83
196285	3799	2	26	0	4	84
201327	3809	3	31	0	4	85
206105	3799	3	28	0	4	86
211204	3800	2	32	0	4	87
216305	3800	3	32	0	4	88
221152	3805	3	29	0	4	89
226083	3794	1	26	0	4	90
230952	3808	2	29	0	4	91
236015	3796	3	25	0	4	92
240919	3795	2	25	0	4	93
246050	3798	1	31	0	4	94
250987	3795	1	28	0	4	95
255849	3802	1	25	0	4	96
284986	6215	4	29	4	4	145
293021	6711	4	26	4	4	146
301557	6463	2	31	4	4	147
309843	5776	5	28	4	4	148
317445	5879	6	28	4	4	149
325164	3693	2	26	1	4	150
330683	4377	2	32	1	4	151
336885	4612	3	29	1	4	152
343320	3730	4	30	4	4	153
348888	3428	2	28	1	4	154
354140	3394	1	31	1	4	155
359358	5795	6	25	4	4	156
366977	3860	1	25	1	4	157
372662	8979	6	30	4	4	158
383482	2877	3	30	1	4	159
388184	2141	3	31	1	4	160
392151	2445	1	27	4	4	161
396419	3344	6	26	4	4	162
401604	5894	4	32	4	4	163
409357	3292	1	26	1	4	164
414475	3261	2	30	1	4	165
419560	8245	6	27	1	4	166
429629	8012	4	28	4	4	167
439466	7464	1	30	4	4	168
448752	6360	2	29	1	4	169
456938	5415	5	26	4	4	170
464173	3476	3	32	1	4	171
469475	8062	3	28	1	4	172
479361	4061	4	31	4	4	173
485263	9028	2	25	1	4	174
496116	4745	5	29	4	4	175
502702	4828	5	27	4	4	176
509370	5762	3	25	1	4	177
516973	10044	6	31	4	4	178
528843	6309	6	29	4	4	179
536979	3460	3	26	1	4	180
542264	3008	1	29	1	4	181
547098	4461	4	27	4	4	182
553384	6671	3	27	1	4	183
561886	10417	6	32	4	4	184
574140	4556	1	28	1	4	185
580525	5178	2	27	1	4	186
587527	5510	5	32	4	4	187
594863	14496	5	25	4	4	188
611185	3792	5	31	4	4	189
616803	4445	1	32	1	4	190
623071	6780	5	30	4	4	191
631674	3643	4	25	4	4	192
679279	3802	3	38	0	5	97
684371	3793	2	38	0	5	98
689385	3797	1	33	0	5	99
694236	3798	1	34	0	5	100
699254	3798	3	39	0	5	101
704264	3806	3	36	0	5	102
709280	3792	3	33	0	5	103
714219	3806	1	40	0	5	104
719043	3800	3	34	0	5	105
723960	3799	1	39	0	5	106
728821	3808	2	35	0	5	107
733631	3799	2	37	0	5	108
738614	3800	3	37	0	5	109
743488	3794	3	35	0	5	110
748243	3807	2	39	0	5	111
753035	3801	3	40	0	5	112
758000	3804	2	33	0	5	113
762819	3804	1	38	0	5	114
767902	3804	1	37	0	5	115
772778	3796	1	35	0	5	116
777584	3792	2	36	0	5	117
782694	3800	2	40	0	5	118
787641	3804	1	36	0	5	119
792519	3795	2	34	0	5	120
808444	4442	4	38	4	5	193
814713	3359	4	37	4	5	194
819898	4710	6	33	4	5	195
826433	5561	2	35	1	5	196
833819	5359	3	40	1	5	197
841004	2592	3	39	1	5	198
845422	4725	5	40	4	5	199
851974	6510	6	35	4	5	200
860310	8206	1	38	1	5	201
870346	4976	5	35	4	5	202
877148	3447	4	35	4	5	203
882433	6176	4	40	4	5	204
890436	4599	2	33	4	5	205
896871	5661	5	33	4	5	206
904357	2942	2	38	1	5	207
909125	2425	2	39	1	5	208
913376	7668	6	34	1	5	209
922879	6260	6	36	4	5	210
930965	6226	4	34	4	5	211
939017	1542	2	37	1	5	212
942385	3544	1	33	1	5	213
947770	5078	5	39	4	5	214
954672	1341	2	40	1	5	215
957840	7211	1	39	4	5	216
966876	4676	4	33	4	5	217
973378	5826	6	38	1	5	218
981030	7659	4	39	4	5	219
990516	7693	1	37	1	5	220
1000036	7446	3	33	1	5	221
1009305	10794	5	34	4	5	222
1021926	6809	1	36	4	5	223
1030562	6746	5	37	4	5	224
1039131	2842	3	34	1	5	225
1043799	6876	5	38	4	5	226
1052502	2210	1	34	1	5	227
1056536	7162	5	36	4	5	228
1065539	3860	3	37	1	5	229
1071224	4575	6	39	4	5	230
1077643	5743	1	40	4	5	231
1085212	4075	3	35	1	5	232
1091113	3911	2	34	1	5	233
1096848	3450	4	36	4	5	234
1102117	5612	6	40	4	5	235
1109552	2428	1	35	1	5	236
1113804	8943	2	36	4	5	237
1124573	4494	3	36	1	5	238
1130892	6243	6	37	4	5	239
1138961	7177	3	38	1	5	240
1182250	3800	3	42	0	6	121
1187307	3794	1	44	0	6	122
1192290	3799	1	43	0	6	123
1197088	3798	2	45	0	6	124
1202094	3795	1	46	0	6	125
1207172	3801	3	43	0	6	126
1212276	3798	1	45	0	6	127
1217383	3792	3	46	0	6	128
1222275	3802	2	42	0	6	129
1227133	3796	2	44	0	6	130
1232247	3800	3	45	0	6	131
1237266	3799	1	48	0	6	132
1242111	3805	3	47	0	6	133
1247108	3795	3	41	0	6	134
1251897	3806	2	48	0	6	135
1257042	3797	3	48	0	6	136
1261797	3792	1	47	0	6	137
1266794	3796	3	44	0	6	138
1271586	3806	2	46	0	6	139
1276609	3801	2	41	0	6	140
1281368	3794	2	47	0	6	141
1286230	3801	1	41	0	6	142
1291116	3798	1	42	0	6	143
1295869	3797	2	43	0	6	144
1328302	6578	6	43	4	6	241
1336604	3126	2	44	1	6	242
1341439	4925	4	42	4	6	243
1348075	5875	6	48	4	6	244
1355660	6527	1	41	1	6	245
1363896	3126	1	45	1	6	246
1368731	5575	5	48	4	6	247
1376016	4677	6	42	4	6	248
1382402	8005	2	43	4	6	249
1392121	5243	2	47	1	6	250
1399090	4642	4	46	4	6	251
1405442	4176	6	47	4	6	252
1411327	1694	3	41	1	6	253
1414745	3461	2	42	1	6	254
1419913	5844	4	44	4	6	255
1427465	4427	3	48	1	6	256
1433600	3461	5	45	4	6	257
1438769	3676	5	43	4	6	258
1444154	5295	5	42	4	6	259
1451156	14862	3	45	4	6	260
1467727	4577	1	44	1	6	261
1474013	5193	5	46	4	6	262
1480915	4109	2	48	1	6	263
1486733	10428	3	46	4	6	264
1498870	3343	6	41	4	6	265
1503922	6995	1	47	4	6	266
1512624	8178	5	41	4	6	267
1522511	4842	3	42	1	6	268
1529063	4960	4	48	4	6	269
1535731	5462	1	48	4	6	270
1542900	4310	6	44	4	6	271
1548919	9811	6	46	4	6	272
1560439	9278	3	47	4	6	273
1571426	7278	4	43	4	6	274
1580412	4711	1	42	4	6	275
1586830	6281	1	43	4	6	276
1594833	5109	5	47	4	6	277
1601651	4743	2	45	4	6	278
1608103	6193	3	43	1	6	279
1616006	6600	2	41	4	6	280
1624325	5479	4	45	4	6	281
1631510	5779	5	44	4	6	282
1638996	4911	1	46	4	6	283
1645615	4880	3	44	1	6	284
1652217	3443	6	45	4	6	285
1657368	4277	4	41	4	6	286
1663370	9562	4	47	4	6	287
1674640	4309	2	46	1	6	288
1745136	3798	1	49	0	7	145
1749971	3799	2	50	0	7	146
1754804	3801	1	52	0	7	147
1759815	3792	2	54	0	7	148
1764575	3800	2	53	0	7	149
1769601	3792	3	51	0	7	150
1774654	3806	3	56	0	7	151
1779700	3794	3	53	0	7	152
1784660	3803	1	51	0	7	153
1789419	3795	2	52	0	7	154
1794209	3791	2	49	0	7	155
1799317	3801	3	54	0	7	156
1804428	3792	1	54	0	7	157
1809266	3804	3	50	0	7	158
1814052	3804	3	49	0	7	159
1819057	3801	3	52	0	7	160
1824059	3800	1	53	0	7	161
1829075	3802	2	51	0	7	162
1833903	3791	3	55	0	7	163
1838977	3804	1	55	0	7	164
1843971	3794	2	56	0	7	165
1848741	3791	1	50	0	7	166
1853768	3800	1	56	0	7	167
1858573	3797	2	55	0	7	168
1875168	2914	3	49	1	7	289
1879852	4782	4	52	4	7	290
1886404	3092	1	54	1	7	291
1891256	8098	2	56	4	7	292
1901109	4376	5	55	4	7	293
1907244	3024	5	49	1	7	294
1912029	1791	1	56	1	7	295
1915580	8992	1	53	4	7	296
1926333	6160	6	50	4	7	297
1934252	3318	4	50	1	7	298
1939337	2725	2	49	4	7	299
1943822	5010	6	56	4	7	300
1950591	4725	5	54	4	7	301
1957093	6475	2	53	1	7	302
1965328	3992	2	50	1	7	303
1971080	5310	6	51	4	7	304
1978149	4476	3	53	1	7	305
1984384	4393	4	56	4	7	306
1990536	12379	5	52	4	7	307
2004674	6360	1	52	4	7	308
2012793	7893	2	52	4	7	309
2022446	5075	1	55	4	7	310
2029281	3375	5	56	4	7	311
2034416	3112	5	51	4	7	312
2039284	5644	2	54	4	7	313
2046686	5992	2	51	1	7	314
2054439	4891	4	53	4	7	315
2061091	3476	6	54	4	7	316
2066326	2975	2	55	1	7	317
2071060	4593	4	49	4	7	318
2077412	5160	6	52	4	7	319
2084348	7478	6	55	4	7	320
2093601	11011	3	51	4	7	321
2106371	4277	4	51	4	7	322
2112406	11078	3	52	4	7	323
2125243	2149	4	55	1	7	324
2129161	3909	3	54	1	7	325
2134830	10044	5	50	4	7	326
2146633	6708	6	53	4	7	327
2155103	3708	3	50	1	7	328
2160571	2909	1	51	1	7	329
2165239	7293	4	54	4	7	330
2174292	2192	1	49	1	7	331
2178243	4509	3	55	1	7	332
2184511	5827	5	53	4	7	333
2192097	3659	3	56	1	7	334
2197515	4236	6	49	4	7	335
2203517	8842	1	50	4	7	336
2246972	3799	3	64	0	8	169
2251809	3797	1	60	0	8	170
2256747	3792	3	57	0	8	171
2261546	3796	3	63	0	8	172
2266550	3794	2	61	0	8	173
2271651	3794	3	60	0	8	174
2276742	3804	3	58	0	8	175
2281738	3793	2	63	0	8	176
2286591	3793	1	59	0	8	177
2291458	3793	1	62	0	8	178
2296453	3798	2	60	0	8	179
2301577	3794	3	59	0	8	180
2306513	3792	1	58	0	8	181
2311564	3793	2	62	0	8	182
2316299	3793	3	62	0	8	183
2321104	3804	2	57	0	8	184
2325906	3805	2	59	0	8	185
2330838	3792	2	58	0	8	186
2335686	3795	1	63	0	8	187
2340436	3796	1	64	0	8	188
2345451	3800	2	64	0	8	189
2350322	3797	1	57	0	8	190
2355340	3797	1	61	0	8	191
2360203	3802	3	61	0	8	192
2418299	2526	3	59	1	8	337
2422650	2525	3	60	1	8	338
2427002	2874	4	64	4	8	339
2431703	4392	2	63	4	8	340
2437922	5577	6	60	4	8	341
2445324	3991	6	59	4	8	342
2451142	3825	2	62	4	8	343
2456794	5659	4	62	4	8	344
2464280	6493	2	61	1	8	345
2472599	2941	4	57	4	8	346
2477367	4676	5	60	4	8	347
2483869	1942	4	61	4	8	348
2487637	2243	3	64	1	8	349
2491705	2926	5	62	4	8	350
2496456	3075	1	57	1	8	351
2501357	2676	1	62	1	8	352
2505859	4207	6	64	4	8	353
2511894	2340	2	59	1	8	354
2516062	3590	6	58	4	8	355
2521480	1726	1	61	1	8	356
2525031	3941	1	58	1	8	357
2530800	2809	3	58	1	8	358
2535434	4544	5	59	4	8	359
2541803	6177	3	61	4	8	360
2549822	4607	2	60	1	8	361
2556257	4725	3	62	1	8	362
2562809	3809	5	58	4	8	363
2568444	3945	1	63	1	8	364
2574230	4974	6	62	4	8	365
2581032	4076	1	59	4	8	366
2586933	3743	4	58	4	8	367
2592502	2108	6	63	4	8	368
2596436	4277	5	61	4	8	369
2602538	2993	2	57	4	8	370
2607356	3359	3	63	1	8	371
2612541	5045	5	64	4	8	372
2619410	3674	6	61	4	8	373
2624928	3558	4	59	4	8	374
2630313	1692	2	58	1	8	375
2633831	2842	2	64	1	8	376
2638516	5292	4	60	4	8	377
2645635	9409	1	60	4	8	378
2656871	1210	1	64	1	8	379
2659906	4943	5	63	4	8	380
2666674	3929	3	57	1	8	381
2672443	7393	6	57	1	8	382
2681662	8361	4	63	4	8	383
2691849	7560	5	57	4	8	384
