5	1	1	1	
6	3	1	1	
5	2	1	1	
4	2	1	0	
6	2	1	1	
3	3	1	0	
2	2	1	0	
1	1	1	0	
7	1	1	1	
7	3	1	1	
8	3	1	1	
2	1	1	0	
8	2	1	1	
3	2	1	0	
7	2	1	1	
4	1	1	0	
2	3	1	0	
1	3	1	0	
8	1	1	1	
5	3	1	1	
3	1	1	0	
4	3	1	0	
6	1	1	1	
1	2	1	0	
16	1	1	1	
12	1	1	0	
14	2	1	1	
9	3	1	0	
11	3	1	0	
15	2	1	1	
13	1	1	1	
14	1	1	1	
11	1	1	0	
12	2	1	0	
10	2	1	0	
16	2	1	1	
13	3	1	1	
10	3	1	0	
14	3	1	1	
13	2	1	1	
15	3	1	1	
12	3	1	0	
9	1	1	0	
15	1	1	1	
16	3	1	1	
11	2	1	0	
9	2	1	0	
10	1	1	0	
24	1	1	1	
23	3	1	1	
17	2	1	0	
24	3	1	1	
21	1	1	1	
19	3	1	0	
22	3	1	1	
20	3	1	0	
21	2	1	1	
20	2	1	0	
18	2	1	0	
22	1	1	1	
18	3	1	0	
18	1	1	0	
24	2	1	1	
23	2	1	1	
17	1	1	0	
21	3	1	1	
19	1	1	0	
20	1	1	0	
17	3	1	0	
22	2	1	1	
23	1	1	1	
19	2	1	0	
26	2	1	0	
25	1	1	0	
30	3	1	1	
28	3	1	0	
28	1	1	0	
31	2	1	1	
27	3	1	0	
30	1	1	1	
27	2	1	0	
29	3	1	1	
31	1	1	1	
27	1	1	0	
32	3	1	1	
26	3	1	0	
30	2	1	1	
25	3	1	0	
28	2	1	0	
25	2	1	0	
32	1	1	1	
31	3	1	1	
26	1	1	0	
29	2	1	1	
32	2	1	1	
29	1	1	1	
40	2	1	1	
36	2	1	0	
35	2	1	0	
39	3	1	1	
33	2	1	0	
38	2	1	1	
33	1	1	0	
34	1	1	0	
39	2	1	1	
35	3	1	0	
34	3	1	0	
36	3	1	0	
37	1	1	1	
39	1	1	1	
36	1	1	0	
38	3	1	1	
35	1	1	0	
37	3	1	1	
40	1	1	1	
38	1	1	1	
34	2	1	0	
40	3	1	1	
37	2	1	1	
33	3	1	0	
42	1	1	0	
46	1	1	1	
44	2	1	0	
47	2	1	1	
48	3	1	1	
46	2	1	1	
41	3	1	0	
47	1	1	1	
45	3	1	1	
44	3	1	0	
44	1	1	0	
43	2	1	0	
45	2	1	1	
41	1	1	0	
43	3	1	0	
42	3	1	0	
48	1	1	1	
43	1	1	0	
47	3	1	1	
41	2	1	0	
46	3	1	1	
45	1	1	1	
42	2	1	0	
48	2	1	1	
56	2	1	1	
52	3	1	0	
53	1	1	1	
51	2	1	0	
54	2	1	1	
53	3	1	1	
50	3	1	0	
55	2	1	1	
50	1	1	0	
53	2	1	1	
55	1	1	1	
50	2	1	0	
54	3	1	1	
52	2	1	0	
49	1	1	0	
56	1	1	1	
49	2	1	0	
55	3	1	1	
52	1	1	0	
51	3	1	0	
56	3	1	1	
51	1	1	0	
49	3	1	0	
54	1	1	1	
64	1	1	1	
58	2	1	0	
59	1	1	0	
61	2	1	1	
62	1	1	1	
64	2	1	1	
57	3	1	0	
58	3	1	0	
61	1	1	1	
60	2	1	0	
62	2	1	1	
63	1	1	1	
59	2	1	0	
58	1	1	0	
59	3	1	0	
64	3	1	1	
60	1	1	0	
57	2	1	0	
61	3	1	1	
60	3	1	0	
57	1	1	0	
63	3	1	1	
62	3	1	1	
63	2	1	1	
