24130	3816	1	5	0	1	1
28939	3791	3	6	0	1	2
33755	3793	2	5	0	1	3
38903	3797	2	4	0	1	4
43703	3799	2	6	0	1	5
48848	3806	3	3	0	1	6
53809	3796	2	2	0	1	7
58609	3796	1	1	0	1	8
63402	3806	1	7	0	1	9
68316	3793	3	7	0	1	10
73320	3791	3	8	0	1	11
78115	3796	1	2	0	1	12
83092	3805	2	8	0	1	13
87926	3806	2	3	0	1	14
92971	3796	2	7	0	1	15
98057	3794	1	4	0	1	16
103191	3794	3	2	0	1	17
108349	3806	3	1	0	1	18
113162	3793	1	8	0	1	19
118035	3806	3	5	0	1	20
123026	3799	1	3	0	1	21
127972	3805	3	4	0	1	22
133076	3802	1	6	0	1	23
138153	3794	2	1	0	1	24
209245	4941	6	5	4	1	1
216163	1631	2	6	1	1	2
219664	1178	1	6	1	1	3
222865	2525	5	4	4	1	4
227317	5325	1	2	1	1	5
234652	4510	4	7	1	1	6
240971	2057	1	3	1	1	7
244905	3040	3	7	1	1	8
250090	3642	5	2	4	1	9
255725	3060	4	8	4	1	10
260610	2176	3	4	1	1	11
264744	5342	6	6	4	1	12
272180	4825	6	3	4	1	13
278932	1207	2	5	1	1	14
282199	6043	1	4	4	1	15
290319	3925	4	6	4	1	16
296020	4607	6	1	1	1	17
302622	2092	6	4	4	1	18
306673	2892	2	1	1	1	19
311458	2073	3	8	1	1	20
315526	2991	5	6	4	1	21
320494	3675	1	8	1	1	22
326029	3091	4	2	4	1	23
330981	5474	4	1	4	1	24
338433	3991	3	5	1	1	25
344268	4708	5	7	4	1	26
350836	2741	2	3	1	1	27
355388	2506	1	7	1	1	28
359973	3773	1	5	1	1	29
365641	4424	4	4	4	1	30
371809	2323	3	3	1	1	31
376127	4407	6	2	4	1	32
382246	1741	2	8	1	1	33
385780	3140	6	8	4	1	34
390832	3640	2	2	1	1	35
396283	2909	5	5	4	1	36
400985	3903	5	8	4	1	37
406920	3958	5	3	4	1	38
412621	5774	3	2	4	1	39
420374	4810	6	7	4	1	40
427242	3857	4	5	4	1	41
433111	5728	3	1	4	1	42
440846	2299	2	4	1	1	43
445048	2724	4	3	4	1	44
449582	4208	3	6	1	1	45
455718	2109	1	1	1	1	46
459519	2491	2	7	1	1	47
464053	3525	5	1	4	1	48
523778	3800	1	16	0	2	25
528918	3793	1	12	0	2	26
533861	3802	2	14	0	2	27
538672	3793	3	9	0	2	28
543597	3803	3	11	0	2	29
548542	3793	2	15	0	2	30
553405	3798	1	13	0	2	31
558291	3795	1	14	0	2	32
563190	3799	1	11	0	2	33
568260	3796	2	12	0	2	34
573289	3803	2	10	0	2	35
578244	3798	2	16	0	2	36
583187	3791	3	13	0	2	37
588090	3806	3	10	0	2	38
593150	3798	3	14	0	2	39
598327	3806	2	13	0	2	40
603504	3796	3	15	0	2	41
608317	3801	3	12	0	2	42
613315	3806	1	9	0	2	43
618100	3804	1	15	0	2	44
623043	3798	3	16	0	2	45
627869	3805	2	11	0	2	46
632893	3799	2	9	0	2	47
637990	3805	1	10	0	2	48
665180	2540	1	14	1	2	49
669648	2258	1	15	1	2	50
673815	2975	1	9	1	2	51
678617	2756	4	15	4	2	52
683185	3006	5	15	4	2	53
688153	2359	2	10	1	2	54
692304	1773	2	13	1	2	55
695989	4025	6	15	4	2	56
701824	3391	4	11	4	2	57
706992	2373	2	16	1	2	58
711210	2876	5	14	4	2	59
716161	3882	4	12	4	2	60
722030	4907	6	16	4	2	61
728648	4326	1	10	1	2	62
734750	3975	4	10	4	2	63
740502	3092	3	16	1	2	64
745387	3590	6	11	4	2	65
750955	4407	3	14	1	2	66
757290	5091	3	9	1	2	67
764342	4659	6	12	4	2	68
770827	4242	2	12	1	2	69
776813	3623	4	14	4	2	70
782348	1891	3	10	1	2	71
786049	3058	5	9	4	2	72
791083	6009	4	16	4	2	73
799019	3625	1	11	1	2	74
804654	3309	3	12	1	2	75
810022	3624	1	16	4	2	76
815524	4476	5	12	4	2	77
822126	3074	6	13	4	2	78
826994	4392	3	15	1	2	79
833213	4025	4	9	4	2	80
838998	4440	5	16	4	2	81
845533	3257	2	14	1	2	82
850651	4090	6	10	4	2	83
856486	4474	2	15	1	2	84
862838	2225	1	12	1	2	85
867073	3025	2	9	1	2	86
871857	5993	4	13	4	2	87
879826	3225	5	11	4	2	88
885195	3541	5	13	4	2	89
890563	2324	3	11	1	2	90
894764	2842	6	9	4	2	91
899699	4409	2	11	1	2	92
906084	3025	1	13	1	2	93
911202	5241	6	14	1	2	94
918455	2706	5	10	4	2	95
922872	3325	3	13	1	2	96
962045	3796	1	24	0	3	49
966836	3805	3	23	0	3	50
971976	3801	2	17	0	3	51
976951	3794	3	24	0	3	52
981801	3795	1	21	0	3	53
986991	3806	3	19	0	3	54
992133	3800	3	22	0	3	55
997051	3800	3	20	0	3	56
1002162	3807	2	21	0	3	57
1007137	3799	2	20	0	3	58
1012231	3791	2	18	0	3	59
1017185	3805	1	22	0	3	60
1022179	3795	3	18	0	3	61
1027088	3804	1	18	0	3	62
1031973	3805	2	24	0	3	63
1036806	3807	2	23	0	3	64
1041696	3801	1	17	0	3	65
1046722	3794	3	21	0	3	66
1051578	3806	1	19	0	3	67
1056432	3803	1	20	0	3	68
1061222	3798	3	17	0	3	69
1066017	3805	2	22	0	3	70
1070876	3796	1	23	0	3	71
1075845	3795	2	19	0	3	72
1101992	2758	4	20	4	3	97
1106443	5643	3	22	4	3	98
1113846	2623	2	20	1	3	99
1118464	3758	6	17	4	3	100
1124115	2125	2	21	1	3	101
1128283	4184	6	24	4	3	102
1134335	3808	6	22	4	3	103
1140087	5061	6	20	4	3	104
1146872	3242	3	17	1	3	105
1152140	6425	4	22	4	3	106
1160393	3942	1	20	1	3	107
1166178	4775	6	19	4	3	108
1172763	3041	3	23	1	3	109
1177881	4146	1	24	1	3	110
1184050	5658	4	19	4	3	111
1191469	2278	1	18	1	3	112
1195887	4258	5	22	4	3	113
1201955	3323	1	17	1	3	114
1206990	4759	3	20	1	3	115
1213725	4276	4	24	4	3	116
1219860	2390	2	23	1	3	117
1224378	3174	4	23	4	3	118
1229280	6692	2	17	1	3	119
1238049	3407	5	23	4	3	120
1243301	4776	5	21	4	3	121
1249953	2849	3	19	1	3	122
1254787	1375	2	22	1	3	123
1258238	3474	5	18	4	3	124
1263540	2414	1	22	1	3	125
1267941	3829	4	17	4	3	126
1273726	3142	2	24	1	3	127
1278745	4475	4	18	4	3	128
1285296	4876	6	23	1	3	129
1292182	3623	5	20	4	3	130
1297717	5274	3	18	1	3	131
1304986	3975	4	21	4	3	132
1310804	4992	5	24	4	3	133
1317873	2675	1	19	1	3	134
1322274	2092	1	21	1	3	135
1326092	4857	2	18	1	3	136
1332994	3675	6	18	4	3	137
1338379	1374	3	21	1	3	138
1341713	3142	5	17	4	3	139
1346831	3874	5	19	4	3	140
1352700	2395	1	23	1	3	141
1356834	4943	3	24	1	3	142
1363686	4509	6	21	4	3	143
1369955	4292	2	19	1	3	144
1408087	3802	2	26	0	4	73
1413030	3794	1	25	0	4	74
1418082	3792	3	30	0	4	75
1423178	3799	3	28	0	4	76
1428206	3806	1	28	0	4	77
1433235	3795	2	31	0	4	78
1438345	3803	3	27	0	4	79
1443490	3792	1	30	0	4	80
1448293	3792	2	27	0	4	81
1453077	3791	3	29	0	4	82
1457964	3807	1	31	0	4	83
1462983	3804	1	27	0	4	84
1467877	3797	3	32	0	4	85
1472935	3807	3	26	0	4	86
1478062	3798	2	30	0	4	87
1483065	3797	3	25	0	4	88
1488037	3793	2	28	0	4	89
1492881	3799	2	25	0	4	90
1497913	3803	1	32	0	4	91
1503045	3804	3	31	0	4	92
1508168	3800	1	26	0	4	93
1513099	3805	2	29	0	4	94
1517911	3794	2	32	0	4	95
1522844	3796	1	29	0	4	96
1547858	3857	5	32	4	4	145
1553676	1073	1	32	1	4	146
1556777	3290	5	26	4	4	147
1561895	3814	2	26	1	4	148
1567480	1173	2	29	1	4	149
1570364	1793	2	30	1	4	150
1574082	4243	4	26	4	4	151
1580234	5995	1	30	1	4	152
1588103	5258	6	29	4	4	153
1595155	3290	3	25	1	4	154
1600273	5692	1	27	1	4	155
1607892	2848	5	25	4	4	156
1612743	2073	2	32	1	4	157
1616778	4408	1	26	4	4	158
1623280	5224	6	30	1	4	159
1630215	4707	3	29	4	4	160
1636851	6625	4	25	4	4	161
1645353	2041	1	29	1	4	162
1649221	5791	6	27	4	4	163
1656806	3661	2	28	4	4	164
1662341	5141	4	29	4	4	165
1669510	6358	5	28	4	4	166
1677813	5475	5	31	4	4	167
1685232	1990	1	25	1	4	168
1689316	5644	6	32	1	4	169
1697002	2575	5	27	4	4	170
1701570	5524	5	29	4	4	171
1709189	6041	3	32	4	4	172
1717024	5759	1	31	1	4	173
1724760	4741	6	26	4	4	174
1731345	3490	3	28	1	4	175
1736813	5459	6	28	4	4	176
1744049	5258	2	31	4	4	177
1751168	5676	4	28	4	4	178
1758703	2187	3	31	1	4	179
1762771	5692	4	30	4	4	180
1770523	3494	4	31	4	4	181
1775758	3260	1	28	1	4	182
1781077	3641	2	27	1	4	183
1786562	5375	4	32	4	4	184
1793897	6008	6	31	1	4	185
1801666	3825	4	27	4	4	186
1807351	4042	3	27	1	4	187
1813203	3891	5	30	4	4	188
1818821	1564	3	26	1	4	189
1822322	2690	3	30	1	4	190
1826840	5575	6	25	4	4	191
1834509	2257	2	25	1	4	192
1876613	3797	2	40	0	5	97
1881666	3797	2	36	0	5	98
1886426	3805	2	35	0	5	99
1891353	3795	3	39	0	5	100
1896415	3801	2	33	0	5	101
1901290	3796	2	38	0	5	102
1906258	3795	1	33	0	5	103
1911213	3790	1	34	0	5	104
1916099	3791	2	39	0	5	105
1921141	3802	3	35	0	5	106
1926050	3792	3	34	0	5	107
1931068	3791	3	36	0	5	108
1935970	3793	1	37	0	5	109
1940974	3805	1	39	0	5	110
1945818	3797	1	36	0	5	111
1950726	3789	3	38	0	5	112
1955775	3793	1	35	0	5	113
1960894	3791	3	37	0	5	114
1965761	3792	1	40	0	5	115
1970790	3799	1	38	0	5	116
1975792	3799	2	34	0	5	117
1980593	3798	3	40	0	5	118
1985442	3802	2	37	0	5	119
1990533	3796	3	33	0	5	120
2020681	3874	5	37	4	5	193
2026583	1177	1	40	1	5	194
2029567	2694	3	38	1	5	195
2034001	4442	1	35	4	5	196
2040270	5142	6	40	1	5	197
2047389	3758	4	34	4	5	198
2053074	5374	4	37	4	5	199
2060259	2541	2	38	1	5	200
2064627	1458	1	38	1	5	201
2067795	2623	1	33	1	5	202
2072479	5041	6	33	4	5	203
2079515	6309	6	37	4	5	204
2087767	3357	4	33	4	5	205
2093086	2414	2	34	1	5	206
2097604	3840	5	38	4	5	207
2103439	2445	1	37	1	5	208
2107740	4009	2	36	1	5	209
2113808	4012	5	33	4	5	210
2119627	4992	4	40	4	5	211
2126629	2311	2	39	1	5	212
2130913	3893	3	33	1	5	213
2136665	3308	2	40	1	5	214
2141733	4293	5	34	4	5	215
2148119	3074	3	34	1	5	216
2153170	5282	5	40	4	5	217
2160472	4963	5	35	4	5	218
2167508	3091	1	34	1	5	219
2172309	2290	1	39	1	5	220
2176377	4375	6	39	4	5	221
2182662	4959	5	39	4	5	222
2189564	5591	5	36	4	5	223
2197100	4759	2	35	1	5	224
2203902	2901	3	37	1	5	225
2208753	3642	4	36	4	5	226
2214438	5742	6	36	4	5	227
2222090	1842	1	36	1	5	228
2225925	5392	4	39	4	5	229
2233110	1507	3	35	1	5	230
2236678	5698	6	38	4	5	231
2244247	2441	3	40	1	5	232
2248832	3908	4	38	4	5	233
2254650	5393	6	34	4	5	234
2262002	3058	2	37	1	5	235
2267170	3208	4	35	4	5	236
2272455	5491	6	35	4	5	237
2279924	2308	3	36	1	5	238
2284075	4391	3	39	1	5	239
2290377	4859	2	33	4	5	240
2327397	3798	1	42	0	6	121
2332330	3800	1	46	0	6	122
2337424	3809	2	44	0	6	123
2342401	3798	2	47	0	6	124
2347272	3796	3	48	0	6	125
2352300	3802	2	46	0	6	126
2357156	3798	3	41	0	6	127
2361953	3802	1	47	0	6	128
2367013	3792	3	45	0	6	129
2371823	3803	3	44	0	6	130
2376866	3793	1	44	0	6	131
2381957	3804	2	43	0	6	132
2387153	3793	2	45	0	6	133
2392057	3807	1	41	0	6	134
2397005	3794	3	43	0	6	135
2402164	3803	3	42	0	6	136
2407306	3796	1	48	0	6	137
2412264	3806	1	43	0	6	138
2417089	3798	3	47	0	6	139
2422080	3793	2	41	0	6	140
2427025	3799	3	46	0	6	141
2432144	3799	1	45	0	6	142
2437133	3794	2	42	0	6	143
2442016	3796	2	48	0	6	144
2480384	2857	4	43	4	6	241
2485152	2924	1	43	1	6	242
2490053	2907	5	46	4	6	243
2494821	4176	2	45	1	6	244
2501006	4943	6	44	4	6	245
2508008	6259	6	45	4	6	246
2516194	6058	5	42	4	6	247
2524163	5131	3	41	1	6	248
2531299	2306	3	45	1	6	249
2535717	3607	4	45	4	6	250
2541035	2960	3	46	1	6	251
2545853	3141	1	42	1	6	252
2551038	2941	1	44	1	6	253
2556006	4258	5	41	4	6	254
2562174	4775	4	46	4	6	255
2569043	5908	6	47	4	6	256
2576979	2375	3	44	1	6	257
2581380	3893	4	47	4	6	258
2587382	5661	5	43	4	6	259
2594901	4742	6	43	1	6	260
2601386	1994	3	47	1	6	261
2605337	4642	3	42	4	6	262
2611856	3141	5	44	4	6	263
2617091	5058	5	45	4	6	264
2623943	2124	1	47	1	6	265
2628111	4824	2	41	4	6	266
2634963	3240	4	42	4	6	267
2640048	4515	4	48	4	6	268
2646549	2892	1	45	1	6	269
2651451	4376	3	48	4	6	270
2657786	2977	4	41	4	6	271
2662504	2892	2	42	1	6	272
2667122	3175	1	48	1	6	273
2672324	2925	5	48	4	6	274
2677075	5542	6	46	4	6	275
2684544	6242	6	41	1	6	276
2692863	3607	2	47	1	6	277
2698398	2408	1	41	1	6	278
2702799	1608	2	46	1	6	279
2706350	3574	6	42	4	6	280
2711902	4042	6	48	4	6	281
2717854	3509	2	44	1	6	282
2723272	4092	5	47	4	6	283
2729457	4491	3	43	4	6	284
2736009	2242	1	46	1	6	285
2739977	3858	2	48	1	6	286
2745896	3770	4	44	4	6	287
2751664	2391	2	43	1	6	288
2780671	3791	2	56	0	7	145
2785491	3806	3	52	0	7	146
2790520	3795	1	53	0	7	147
2795499	3801	2	51	0	7	148
2800297	3805	2	54	0	7	149
2805274	3796	3	53	0	7	150
2810090	3798	3	50	0	7	151
2814964	3792	2	55	0	7	152
2819947	3794	1	50	0	7	153
2825030	3795	2	53	0	7	154
2830266	3794	1	55	0	7	155
2835102	3793	2	50	0	7	156
2839940	3807	3	54	0	7	157
2844776	3805	2	52	0	7	158
2849652	3798	1	49	0	7	159
2854457	3794	1	56	0	7	160
2859349	3803	2	49	0	7	161
2864544	3794	3	55	0	7	162
2869706	3799	1	52	0	7	163
2874656	3801	3	51	0	7	164
2879542	3798	3	56	0	7	165
2884369	3808	1	51	0	7	166
2889434	3794	3	49	0	7	167
2894511	3802	1	54	0	7	168
2923231	4159	4	51	4	7	289
2929266	3857	5	56	4	7	290
2935218	3642	3	53	1	7	291
2940720	5725	6	51	4	7	292
2948472	4008	6	50	4	7	293
2954324	1841	3	51	1	7	294
2958092	3842	3	56	1	7	295
2963943	2525	1	52	1	7	296
2968395	4892	6	52	4	7	297
2975130	3458	3	52	1	7	298
2980732	3707	6	53	4	7	299
2986283	2843	2	56	1	7	300
2991268	4578	6	56	4	7	301
2997570	1941	1	50	1	7	302
3001605	1525	1	55	1	7	303
3005022	1923	2	54	1	7	304
3008857	5208	4	49	4	7	305
3015892	4042	4	52	4	7	306
3021977	6608	6	55	4	7	307
3030413	1024	2	53	1	7	308
3033531	2458	1	56	1	7	309
3038099	4024	5	49	4	7	310
3044167	4108	5	54	4	7	311
3049986	1057	3	49	1	7	312
3052820	4090	4	55	4	7	313
3058721	1741	2	51	1	7	314
3062439	4992	2	55	1	7	315
3069508	5144	5	52	4	7	316
3076577	4276	5	55	4	7	317
3082679	4358	3	50	1	7	318
3088847	3892	6	54	4	7	319
3094832	3164	5	50	4	7	320
3099884	5912	1	53	1	7	321
3107703	6010	1	49	1	7	322
3115488	4458	2	52	1	7	323
3122024	5842	5	53	4	7	324
3129759	6910	4	54	4	7	325
3138412	2158	3	54	1	7	326
3142630	4442	1	51	1	7	327
3148831	2676	1	54	1	7	328
3153316	3458	4	53	4	7	329
3158868	3942	5	51	4	7	330
3164786	2992	2	49	1	7	331
3169621	6175	2	50	4	7	332
3177807	2641	4	56	4	7	333
3182275	2175	4	50	4	7	334
3186243	4910	3	55	1	7	335
3193161	4392	6	49	4	7	336
3264423	3799	1	64	0	8	169
3269576	3796	2	58	0	8	170
3274440	3801	1	59	0	8	171
3279468	3793	2	61	0	8	172
3284615	3795	1	62	0	8	173
3289659	3803	2	64	0	8	174
3294545	3804	3	57	0	8	175
3299462	3804	3	58	0	8	176
3304276	3790	1	61	0	8	177
3309318	3801	2	60	0	8	178
3314145	3792	2	62	0	8	179
3319031	3808	1	63	0	8	180
3323870	3802	2	59	0	8	181
3329044	3796	1	58	0	8	182
3333875	3801	3	59	0	8	183
3338945	3799	3	64	0	8	184
3343958	3804	1	60	0	8	185
3348778	3802	2	57	0	8	186
3353908	3807	3	61	0	8	187
3358712	3804	3	60	0	8	188
3363656	3796	1	57	0	8	189
3368533	3804	3	63	0	8	190
3373579	3793	3	62	0	8	191
3378385	3804	2	63	0	8	192
3409359	3708	6	60	4	8	337
3414860	6252	1	58	1	8	338
3422996	3225	6	61	4	8	339
3428031	3257	4	61	4	8	340
3433116	3325	3	57	1	8	341
3438384	2423	2	57	1	8	342
3442818	4859	4	62	4	8	343
3449804	3892	4	58	4	8	344
3455639	5822	2	61	4	8	345
3463608	4957	4	57	4	8	346
3470560	5692	6	58	4	8	347
3478012	3159	2	60	1	8	348
3483197	2591	3	63	1	8	349
3487565	4792	5	58	4	8	350
3494267	5059	3	62	1	8	351
3501136	1991	1	61	1	8	352
3505154	4675	6	64	4	8	353
3511822	6908	6	59	4	8	354
3520825	4142	5	62	4	8	355
3526760	1725	1	63	1	8	356
3530528	5209	1	59	1	8	357
3537563	5409	4	64	4	8	358
3544899	4745	2	59	1	8	359
3551734	3215	3	61	1	8	360
3556902	2308	4	63	4	8	361
3560987	2791	2	64	1	8	362
3565572	3280	5	57	4	8	363
3570856	2792	2	63	1	8	364
3575491	5177	4	60	4	8	365
3582710	6259	6	63	4	8	366
3590962	5825	6	57	4	8	367
3598665	8292	2	58	1	8	368
3608718	3391	1	57	1	8	369
3613969	4092	5	63	4	8	370
3620088	6425	5	60	4	8	371
3628407	5042	1	62	4	8	372
3635509	3590	5	61	4	8	373
3640994	5791	5	64	4	8	374
3648646	2475	1	60	1	8	375
3653031	3808	3	58	1	8	376
3658699	2325	4	59	4	8	377
3662950	2609	3	64	1	8	378
3667335	5491	6	62	4	8	379
3674620	2675	3	59	1	8	380
3679038	2925	1	64	1	8	381
3683706	6126	5	59	4	8	382
3691826	2584	2	62	1	8	383
3696177	4158	3	60	1	8	384
