5	6	0	1	
6	2	1	1	
6	1	1	1	
4	5	0	0	
2	1	1	0	
7	4	0	1	
3	1	1	0	
7	3	1	1	
2	5	0	0	
8	4	0	1	
4	3	1	0	
6	6	0	1	
3	6	0	0	
5	2	1	1	
4	1	1	0	
6	4	0	1	
1	6	0	0	
4	6	0	0	
1	2	1	0	
8	3	1	1	
6	5	0	1	
8	1	1	1	
2	4	0	0	
1	4	0	0	
5	3	1	1	
7	5	0	1	
3	2	1	0	
7	1	1	1	
5	1	1	1	
4	4	0	0	
3	3	1	0	
2	6	0	0	
8	2	1	1	
8	6	0	1	
2	2	1	0	
5	5	0	1	
8	5	0	1	
3	5	0	0	
2	3	1	0	
7	6	0	1	
5	4	0	1	
1	3	1	0	
4	2	1	0	
3	4	0	0	
6	3	1	1	
1	1	1	0	
7	2	1	1	
1	5	0	0	
14	1	1	1	
15	1	1	1	
9	1	1	0	
15	4	0	1	
15	5	0	1	
10	2	1	0	
13	2	1	1	
15	6	0	1	
11	4	0	0	
16	2	1	1	
14	5	0	1	
12	4	0	0	
16	6	0	1	
10	1	1	0	
10	4	0	0	
16	3	1	1	
11	6	0	0	
14	3	1	1	
9	3	1	0	
12	6	0	0	
12	2	1	0	
14	4	0	1	
10	3	1	0	
9	5	0	0	
16	4	0	1	
11	1	1	0	
12	3	1	0	
16	1	1	1	
12	5	0	0	
13	6	0	1	
15	3	1	1	
9	4	0	0	
16	5	0	1	
14	2	1	1	
10	6	0	0	
15	2	1	1	
12	1	1	0	
9	2	1	0	
13	4	0	1	
11	5	0	0	
13	5	0	1	
11	3	1	0	
9	6	0	0	
11	2	1	0	
13	1	1	1	
14	6	0	1	
10	5	0	0	
13	3	1	1	
20	4	0	0	
22	3	1	1	
20	2	1	0	
17	6	0	0	
21	2	1	1	
24	6	0	1	
22	6	0	1	
20	6	0	0	
17	3	1	0	
22	4	0	1	
20	1	1	0	
19	6	0	0	
23	3	1	1	
24	1	1	1	
19	4	0	0	
18	1	1	0	
22	5	0	1	
17	1	1	0	
20	3	1	0	
24	4	0	1	
23	2	1	1	
23	4	0	1	
17	2	1	0	
23	5	0	1	
21	5	0	1	
19	3	1	0	
22	2	1	1	
18	5	0	0	
22	1	1	1	
17	4	0	0	
24	2	1	1	
18	4	0	0	
23	6	0	1	
20	5	0	0	
18	3	1	0	
21	4	0	1	
24	5	0	1	
19	1	1	0	
21	1	1	1	
18	2	1	0	
18	6	0	0	
21	3	1	1	
17	5	0	0	
19	5	0	0	
23	1	1	1	
24	3	1	1	
21	6	0	1	
19	2	1	0	
32	5	0	1	
32	1	1	1	
26	5	0	0	
26	2	1	0	
29	2	1	1	
30	2	1	1	
26	4	0	0	
30	1	1	1	
29	6	0	1	
25	3	1	0	
27	1	1	0	
25	5	0	0	
32	2	1	1	
26	1	1	0	
30	6	0	1	
29	3	1	1	
25	4	0	0	
29	1	1	1	
27	6	0	0	
28	2	1	0	
29	4	0	1	
28	5	0	0	
31	5	0	1	
25	1	1	0	
32	6	0	1	
27	5	0	0	
29	5	0	1	
32	3	1	1	
31	1	1	1	
26	6	0	0	
28	3	1	0	
28	6	0	0	
31	2	1	1	
28	4	0	0	
31	3	1	1	
30	4	0	1	
31	4	0	1	
28	1	1	0	
27	2	1	0	
32	4	0	1	
31	6	0	1	
27	4	0	0	
27	3	1	0	
30	5	0	1	
26	3	1	0	
30	3	1	1	
25	6	0	0	
25	2	1	0	
37	5	0	1	
40	1	1	1	
38	3	1	1	
35	1	1	0	
40	6	0	1	
34	4	0	0	
37	4	0	1	
38	2	1	1	
38	1	1	1	
33	1	1	0	
33	6	0	0	
37	6	0	1	
33	4	0	0	
34	2	1	0	
38	5	0	1	
37	1	1	1	
36	2	1	0	
33	5	0	0	
40	4	0	1	
39	2	1	1	
33	3	1	0	
40	2	1	1	
34	5	0	0	
34	3	1	0	
40	5	0	1	
35	5	0	0	
34	1	1	0	
39	1	1	1	
39	6	0	1	
39	5	0	1	
36	5	0	0	
35	2	1	0	
37	3	1	1	
36	4	0	0	
36	6	0	0	
36	1	1	0	
39	4	0	1	
35	3	1	0	
38	6	0	1	
40	3	1	1	
38	4	0	1	
34	6	0	0	
37	2	1	1	
35	4	0	0	
35	6	0	0	
36	3	1	0	
39	3	1	1	
33	2	1	0	
43	4	0	0	
43	1	1	0	
46	5	0	1	
45	2	1	1	
44	6	0	0	
45	6	0	1	
42	5	0	0	
41	3	1	0	
45	3	1	1	
45	4	0	1	
46	3	1	1	
42	1	1	0	
44	1	1	0	
41	5	0	0	
46	4	0	1	
47	6	0	1	
44	3	1	0	
47	4	0	1	
43	5	0	0	
43	6	0	0	
47	3	1	1	
42	3	1	0	
44	5	0	0	
45	5	0	1	
47	1	1	1	
41	2	1	0	
42	4	0	0	
48	4	0	1	
45	1	1	1	
48	3	1	1	
41	4	0	0	
42	2	1	0	
48	1	1	1	
48	5	0	1	
46	6	0	1	
41	6	0	0	
47	2	1	1	
41	1	1	0	
46	2	1	1	
42	6	0	0	
48	6	0	1	
44	2	1	0	
47	5	0	1	
43	3	1	0	
46	1	1	1	
48	2	1	1	
44	4	0	0	
43	2	1	0	
51	4	0	0	
56	5	0	1	
53	3	1	1	
51	6	0	0	
50	6	0	0	
51	3	1	0	
56	3	1	1	
52	1	1	0	
52	6	0	0	
52	3	1	0	
53	6	0	1	
56	2	1	1	
56	6	0	1	
50	1	1	0	
55	1	1	1	
54	2	1	1	
49	4	0	0	
52	4	0	0	
55	6	0	1	
53	2	1	1	
56	1	1	1	
49	5	0	0	
54	5	0	1	
49	3	1	0	
55	4	0	1	
51	2	1	0	
55	2	1	1	
52	5	0	0	
55	5	0	1	
50	3	1	0	
54	6	0	1	
50	5	0	0	
53	1	1	1	
49	1	1	0	
52	2	1	0	
53	5	0	1	
54	4	0	1	
54	3	1	1	
51	1	1	0	
54	1	1	1	
53	4	0	1	
51	5	0	0	
49	2	1	0	
50	2	1	0	
56	4	0	1	
50	4	0	0	
55	3	1	1	
49	6	0	0	
60	6	0	0	
58	1	1	0	
61	6	0	1	
61	4	0	1	
57	3	1	0	
57	2	1	0	
62	4	0	1	
58	4	0	0	
61	2	1	1	
57	4	0	0	
58	6	0	0	
60	2	1	0	
63	3	1	1	
58	5	0	0	
62	3	1	1	
61	1	1	1	
64	6	0	1	
59	6	0	0	
62	5	0	1	
63	1	1	1	
59	1	1	0	
64	4	0	1	
59	2	1	0	
61	3	1	1	
63	4	0	1	
64	2	1	1	
57	5	0	0	
63	2	1	1	
60	4	0	0	
63	6	0	1	
57	6	0	0	
58	2	1	0	
57	1	1	0	
63	5	0	1	
60	5	0	0	
62	1	1	1	
61	5	0	1	
64	5	0	1	
60	1	1	0	
58	3	1	0	
59	4	0	0	
64	3	1	1	
62	6	0	1	
59	3	1	0	
64	1	1	1	
59	5	0	0	
62	2	1	1	
60	3	1	0	
