78581	3814	1	2	0	1	1
83718	3795	1	5	0	1	2
88753	3793	1	8	0	1	3
93745	3804	3	2	0	1	4
98803	3797	1	6	0	1	5
103654	3798	2	4	0	1	6
108457	3798	1	3	0	1	7
113479	3794	2	7	0	1	8
118648	3791	3	4	0	1	9
123608	3800	2	8	0	1	10
128726	3800	2	6	0	1	11
133537	3807	2	1	0	1	12
138554	3808	3	7	0	1	13
143456	3807	3	1	0	1	14
148463	3802	1	1	0	1	15
153452	3797	2	5	0	1	16
158347	3807	3	6	0	1	17
163501	3801	3	5	0	1	18
168339	3798	2	3	0	1	19
173338	3800	1	4	0	1	20
178510	3796	3	3	0	1	21
183435	3806	3	8	0	1	22
188416	3792	1	7	0	1	23
193582	3797	2	2	0	1	24
229397	2927	3	5	1	1	1
234099	2478	5	1	4	1	2
238567	2990	4	1	1	1	3
243601	3192	1	6	4	1	4
248586	6160	5	6	4	1	5
256572	4929	6	2	4	1	6
263290	7744	5	8	4	1	7
272893	4644	1	1	4	1	8
279261	3593	1	7	1	1	9
284580	3775	5	4	4	1	10
290165	6892	4	2	4	1	11
299067	1509	3	3	1	1	12
302735	4641	6	5	4	1	13
309303	2025	2	4	1	1	14
313271	8776	3	1	4	1	15
323974	6409	1	3	1	1	16
332393	6061	6	7	4	1	17
340295	2575	3	8	1	1	18
344697	5541	6	1	4	1	19
352332	6442	3	2	1	1	20
360868	4959	4	8	4	1	21
367903	4575	1	5	1	1	22
374238	5943	5	3	4	1	23
382274	4575	3	6	1	1	24
388576	1774	2	3	1	1	25
392227	2941	2	1	1	1	26
397145	3493	5	5	1	1	27
402630	5592	4	3	4	1	28
410215	6043	2	6	4	1	29
418034	2859	4	7	1	1	30
422619	9859	6	4	4	1	31
434589	4141	4	5	4	1	32
440524	1391	2	7	1	1	33
444008	12397	1	4	4	1	34
458195	1858	6	8	1	1	35
461980	6109	3	7	1	1	36
470082	5225	4	6	4	1	37
477184	7559	5	2	4	1	38
486570	5075	6	3	4	1	39
493339	4406	2	8	1	1	40
499524	6358	2	2	1	1	41
507793	7077	3	4	1	1	42
516728	10145	6	6	4	1	43
528899	8026	1	2	1	1	44
538901	7611	4	4	4	1	45
548437	4575	1	8	1	1	46
554756	5542	2	5	4	1	47
562441	5977	5	7	4	1	48
646693	3795	1	14	0	2	25
651727	3796	3	14	0	2	26
656807	3801	2	12	0	2	27
661736	3808	1	11	0	2	28
666757	3804	2	14	0	2	29
671721	3808	3	9	0	2	30
676781	3800	3	11	0	2	31
681926	3804	1	15	0	2	32
687115	3801	3	15	0	2	33
692240	3795	1	9	0	2	34
697146	3807	2	16	0	2	35
702298	3806	1	16	0	2	36
707147	3792	2	9	0	2	37
712068	3806	3	10	0	2	38
716963	3795	3	16	0	2	39
722084	3792	2	11	0	2	40
726977	3801	1	13	0	2	41
732046	3800	1	12	0	2	42
737194	3803	3	12	0	2	43
742406	3793	3	13	0	2	44
747514	3803	2	10	0	2	45
752449	3803	2	13	0	2	46
757468	3802	1	10	0	2	47
762516	3805	2	15	0	2	48
793857	10443	4	16	4	2	49
806210	6607	6	12	4	2	50
814613	4109	2	12	1	2	51
820748	1340	2	13	1	2	52
824182	3108	2	9	1	2	53
829217	8126	6	16	4	2	54
839203	4709	1	9	1	2	55
845888	5641	4	14	4	2	56
853524	4979	1	10	4	2	57
860409	5278	2	16	4	2	58
867527	5794	4	13	1	2	59
875263	7675	2	10	1	2	60
884849	2198	1	12	1	2	61
888917	5259	4	12	1	2	62
896036	3309	1	15	1	2	63
901204	5591	6	14	4	2	64
908572	8211	4	10	4	2	65
918525	3708	1	16	4	2	66
923960	1958	6	10	4	2	67
927761	8277	5	13	4	2	68
937881	8804	3	10	4	2	69
948400	9077	3	12	4	2	70
959503	5941	3	13	1	2	71
967306	2425	5	14	4	2	72
971707	4541	6	11	4	2	73
978025	10693	1	14	1	2	74
990496	7125	5	12	4	2	75
999481	8131	5	15	4	2	76
1009551	10060	6	13	4	2	77
1021538	4847	3	11	1	2	78
1028290	4124	1	11	1	2	79
1034175	9726	4	15	1	2	80
1045694	4492	3	15	1	2	81
1052030	9909	4	9	4	2	82
1063750	7409	4	11	4	2	83
1073169	2919	2	14	1	2	84
1077854	1307	1	13	1	2	85
1081121	2658	5	9	4	2	86
1085656	4507	3	9	4	2	87
1092174	3408	3	16	1	2	88
1097626	3991	2	15	1	2	89
1103477	5476	6	15	4	2	90
1110729	8078	5	11	4	2	91
1120616	5508	6	9	4	2	92
1128134	6677	2	11	4	2	93
1136903	6593	3	14	4	2	94
1145473	4841	5	10	4	2	95
1152191	4776	5	16	1	2	96
1263229	3800	2	24	0	3	49
1268402	3795	1	18	0	3	50
1273458	3807	2	18	0	3	51
1278476	3807	3	24	0	3	52
1283331	3804	3	17	0	3	53
1288337	3801	3	21	0	3	54
1293128	3793	2	20	0	3	55
1298008	3797	1	17	0	3	56
1302819	3803	3	22	0	3	57
1307615	3794	3	18	0	3	58
1312469	3792	1	23	0	3	59
1317282	3796	3	23	0	3	60
1322041	3805	1	21	0	3	61
1326934	3796	3	20	0	3	62
1331941	3806	3	19	0	3	63
1336878	3807	2	23	0	3	64
1342025	3793	2	19	0	3	65
1346841	3795	2	22	0	3	66
1351953	3802	1	24	0	3	67
1357101	3805	2	17	0	3	68
1362009	3798	2	21	0	3	69
1367125	3800	1	20	0	3	70
1372290	3803	1	19	0	3	71
1377328	3800	1	22	0	3	72
1400428	9793	3	19	4	3	97
1412298	7342	3	23	4	3	98
1421767	4926	5	19	1	3	99
1428569	6292	5	23	4	3	100
1436938	6326	6	23	4	3	101
1445174	5559	1	19	1	3	102
1452726	6444	5	24	4	3	103
1461028	12294	1	20	4	3	104
1475132	1675	4	17	1	3	105
1478633	2776	4	19	1	3	106
1483335	3726	2	21	1	3	107
1488870	2259	2	24	1	3	108
1493004	2475	1	21	1	3	109
1497589	8394	6	18	4	3	110
1507992	5723	6	20	4	3	111
1515777	5010	2	19	1	3	112
1522612	9076	4	23	4	3	113
1533782	2608	5	22	1	3	114
1538300	8944	2	18	1	3	115
1549187	5681	6	24	4	3	116
1556705	3859	2	22	1	3	117
1562674	6043	5	17	4	3	118
1570809	6227	1	18	4	3	119
1578995	1999	3	24	1	3	120
1582946	6426	5	18	4	3	121
1591365	5125	6	22	1	3	122
1598417	3875	1	17	4	3	123
1604119	1392	4	22	4	3	124
1607553	4943	4	21	4	3	125
1614255	3558	3	21	1	3	126
1619840	4892	6	17	4	3	127
1626725	4692	2	17	1	3	128
1633410	2307	1	22	1	3	129
1637428	2057	3	20	4	3	130
1641579	3592	4	24	1	3	131
1647281	3641	6	19	4	3	132
1652916	4392	1	23	4	3	133
1659134	5025	2	20	4	3	134
1666003	4457	5	21	1	3	135
1672171	2807	3	22	1	3	136
1676756	3025	3	17	4	3	137
1681591	6959	3	18	1	3	138
1690643	3542	4	18	4	3	139
1695995	2091	2	23	4	3	140
1700196	3043	6	21	4	3	141
1705247	7226	5	20	1	3	142
1714517	2341	4	20	4	3	143
1718768	3127	1	24	1	3	144
60235	3821	3	27	0	4	73
65469	3805	2	30	0	4	74
70512	3798	3	32	0	4	75
75311	3800	2	26	0	4	76
80301	3795	3	25	0	4	77
85425	3805	1	32	0	4	78
90514	3802	1	26	0	4	79
95644	3805	3	30	0	4	80
100629	3807	2	32	0	4	81
105653	3801	3	28	0	4	82
110615	3807	1	28	0	4	83
115501	3804	2	31	0	4	84
120439	3803	1	30	0	4	85
125662	3797	1	29	0	4	86
130766	3795	3	26	0	4	87
135813	3798	3	29	0	4	88
140726	3805	3	31	0	4	89
145708	3808	1	27	0	4	90
150868	3799	2	28	0	4	91
155936	3799	2	29	0	4	92
160891	3796	2	27	0	4	93
165686	3801	1	31	0	4	94
170600	3806	2	25	0	4	95
175552	3804	1	25	0	4	96
227883	5859	5	30	4	4	145
235852	6726	6	27	4	4	146
244455	12144	1	32	1	4	147
258643	3058	6	32	1	4	148
263777	7796	3	28	4	4	149
273730	5826	5	31	4	4	150
281283	5233	1	27	1	4	151
288318	5192	2	31	1	4	152
295270	7726	4	28	4	4	153
304873	13193	1	25	4	4	154
320061	14143	3	31	4	4	155
336282	7160	4	29	4	4	156
345385	2908	1	28	1	4	157
350370	7810	6	30	4	4	158
360239	10944	5	28	4	4	159
372943	3458	5	26	4	4	160
378145	7592	3	26	1	4	161
387831	10692	4	30	1	4	162
400635	6090	5	27	4	4	163
408637	11995	3	27	1	4	164
422691	6043	5	32	4	4	165
430693	11760	2	26	1	4	166
444231	5842	6	26	4	4	167
452116	6142	5	29	4	4	168
460085	7092	4	25	4	4	169
469088	3491	3	30	1	4	170
474423	6126	1	29	1	4	171
482492	4890	2	27	1	4	172
489211	8144	4	26	4	4	173
499130	2909	1	30	1	4	174
504048	9060	1	26	4	4	175
514968	10945	6	25	4	4	176
527889	8625	6	31	4	4	177
538542	7508	6	29	4	4	178
548012	5351	2	25	1	4	179
555214	4314	2	29	1	4	180
561649	10127	4	27	1	4	181
573702	6126	3	32	1	4	182
581905	10511	2	28	1	4	183
594259	3306	2	32	1	4	184
599710	3308	4	31	4	4	185
605012	8158	3	25	4	4	186
615081	9727	1	31	1	4	187
626685	4525	5	25	4	4	188
633237	8908	6	28	4	4	189
644173	2924	3	29	1	4	190
649041	13580	4	32	4	4	191
664679	8660	2	30	4	4	192
725586	3801	1	36	0	5	97
730688	3801	3	37	0	5	98
735735	3805	3	36	0	5	99
740682	3793	3	40	0	5	100
745657	3801	1	33	0	5	101
750573	3805	1	39	0	5	102
755640	3806	2	40	0	5	103
760813	3801	2	38	0	5	104
765991	3792	1	34	0	5	105
770995	3806	3	39	0	5	106
775770	3799	2	33	0	5	107
780565	3805	2	36	0	5	108
785627	3795	1	37	0	5	109
790502	3804	1	40	0	5	110
795336	3804	3	33	0	5	111
800298	3794	1	38	0	5	112
805103	3791	3	35	0	5	113
810091	3805	2	35	0	5	114
815218	3796	3	34	0	5	115
820234	3798	2	39	0	5	116
825093	3807	1	35	0	5	117
830205	3797	2	37	0	5	118
834984	3802	2	34	0	5	119
840039	3799	3	38	0	5	120
875325	7258	6	35	4	5	193
884661	8076	2	39	4	5	194
894781	9246	1	33	1	5	195
905917	3243	4	33	4	5	196
910886	5941	3	36	1	5	197
918821	6276	5	37	4	5	198
927040	16435	4	36	4	5	199
945362	6943	4	39	4	5	200
954382	1748	2	40	1	5	201
958050	2891	1	40	1	5	202
962968	7843	5	33	4	5	203
972904	5742	6	38	4	5	204
980390	5515	1	35	1	5	205
987825	6091	1	36	1	5	206
995944	10777	6	37	4	5	207
1008498	5193	3	37	1	5	208
1015600	8143	6	33	4	5	209
1025786	6859	3	40	1	5	210
1034589	10044	5	35	4	5	211
1046409	9261	4	38	4	5	212
1057646	3424	2	34	1	5	213
1063181	4557	3	38	1	5	214
1069483	8010	2	36	1	5	215
1079569	6859	4	34	4	5	216
1088355	3309	1	34	1	5	217
1093756	8125	3	39	1	5	218
1103859	8458	5	39	4	5	219
1114246	3108	2	37	1	5	220
1119081	8059	6	36	1	5	221
1128933	6280	5	40	4	5	222
1137253	9960	4	40	4	5	223
1149223	2359	1	39	1	5	224
1153341	6427	5	36	4	5	225
1161927	7810	6	34	4	5	226
1171813	10060	1	37	4	5	227
1183833	3892	2	35	1	5	228
1189468	2025	3	33	1	5	229
1193336	6275	6	39	4	5	230
1201372	6159	3	34	1	5	231
1209574	8258	4	37	1	5	232
1219577	5792	1	38	1	5	233
1227196	4540	4	35	4	5	234
1233614	3492	5	38	4	5	235
1239083	5691	2	38	1	5	236
1246852	4541	5	34	4	5	237
1253220	9827	6	40	4	5	238
1264974	9810	3	35	4	5	239
1276727	4159	2	33	1	5	240
