95777	3807	3	2	0	1	1
100617	3801	2	2	0	1	2
105557	3797	2	8	0	1	3
110690	3797	3	4	0	1	4
115453	3802	2	4	0	1	5
120355	3803	3	7	0	1	6
125426	3799	3	8	0	1	7
130317	3793	1	8	0	1	8
135426	3802	1	4	0	1	9
140182	3797	1	6	0	1	10
145011	3804	3	1	0	1	11
149869	3796	2	5	0	1	12
154767	3800	1	2	0	1	13
159610	3792	2	7	0	1	14
164647	3806	2	1	0	1	15
169789	3800	3	3	0	1	16
174719	3803	1	3	0	1	17
179748	3793	1	7	0	1	18
184675	3802	1	1	0	1	19
189849	3795	3	5	0	1	20
194692	3804	1	5	0	1	21
199579	3802	2	3	0	1	22
204581	3801	2	6	0	1	23
209579	3805	3	6	0	1	24
253272	4059	1	6	1	1	1
259123	8477	2	7	4	1	2
269493	12112	6	3	4	1	3
283614	11926	5	4	4	1	4
297368	7526	6	8	1	1	5
306720	3977	2	4	1	1	6
312739	9363	4	1	1	1	7
324142	6292	4	7	4	1	8
332278	13127	1	1	1	1	9
347449	6177	4	6	1	1	10
355384	9927	6	2	4	1	11
367254	4409	2	2	1	1	12
373673	7715	4	3	1	1	13
383459	5160	1	7	1	1	14
390694	6646	6	5	4	1	15
399247	6726	2	5	1	1	16
407832	3742	2	1	1	1	17
413434	4545	6	4	1	1	18
419953	7027	3	7	1	1	19
428922	8876	4	5	1	1	20
439875	8077	4	2	4	1	21
449678	6398	2	3	1	1	22
457880	8176	1	4	4	1	23
468150	5944	3	6	1	1	24
476002	6777	5	2	4	1	25
484788	8511	3	5	1	1	26
495257	9379	3	1	4	1	27
506494	9252	5	8	4	1	28
517847	11251	5	6	1	1	29
530901	6976	2	8	1	1	30
539904	5929	1	2	1	1	31
547672	7602	6	7	1	1	32
557042	9261	4	4	1	1	33
568178	2743	3	2	1	1	34
572930	4977	1	3	1	1	35
579715	7076	6	6	1	1	36
588851	5764	5	5	4	1	37
596453	6909	3	3	1	1	38
605389	7727	3	4	4	1	39
614908	6728	1	5	1	1	40
623561	12929	6	1	1	1	41
638432	6225	5	1	4	1	42
646751	5927	4	8	4	1	43
654386	5810	3	8	1	1	44
661972	7609	5	3	4	1	45
671575	11862	1	8	4	1	46
685395	8113	2	6	1	1	47
695365	8009	5	7	4	1	48
770915	3796	2	13	0	2	25
775915	3796	1	9	0	2	26
780954	3793	1	16	0	2	27
785964	3800	3	16	0	2	28
790816	3801	2	10	0	2	29
795909	3808	3	14	0	2	30
800909	3794	1	12	0	2	31
805720	3801	1	13	0	2	32
810793	3794	3	10	0	2	33
815684	3807	2	9	0	2	34
820740	3802	2	15	0	2	35
825760	3800	1	10	0	2	36
830771	3807	1	11	0	2	37
835940	3806	3	13	0	2	38
840747	3801	1	15	0	2	39
845771	3795	3	12	0	2	40
850908	3791	1	14	0	2	41
855780	3805	2	16	0	2	42
860754	3799	2	12	0	2	43
865843	3793	3	11	0	2	44
870789	3801	3	9	0	2	45
875950	3806	3	15	0	2	46
880909	3800	2	14	0	2	47
885759	3800	2	11	0	2	48
925297	6243	3	11	1	2	49
933266	6359	4	14	1	2	50
941635	6477	4	9	1	2	51
949837	4677	2	10	1	2	52
956439	4192	1	12	1	2	53
962608	8893	6	16	4	2	54
973211	7860	6	12	4	2	55
983030	4982	3	16	1	2	56
990099	3258	1	9	1	2	57
995417	9143	4	13	4	2	58
1006654	10010	6	15	4	2	59
1018390	9991	6	10	1	2	60
1030310	14545	1	14	1	2	61
1046682	4978	3	12	1	2	62
1053800	12344	6	14	4	2	63
1068221	11160	1	15	4	2	64
1081442	9826	2	15	1	2	65
1093412	8626	5	11	4	2	66
1103781	4559	3	14	1	2	67
1110233	13265	4	15	4	2	68
1125221	6285	3	15	1	2	69
1133256	7028	6	11	4	2	70
1142259	8592	1	16	1	2	71
1152612	6760	2	9	1	2	72
1161148	12260	5	15	1	2	73
1175435	8195	6	9	4	2	74
1185371	9908	3	9	1	2	75
1197275	11227	5	9	4	2	76
1210595	7193	6	13	1	2	77
1219681	15613	5	12	4	2	78
1237119	6761	2	14	1	2	79
1245872	12245	1	11	4	2	80
1260109	10864	5	13	1	2	81
1272946	7143	4	12	4	2	82
1281999	5844	1	13	1	2	83
1289735	8959	5	14	4	2	84
1300754	7392	2	12	1	2	85
1309974	6992	4	10	1	2	86
1318843	9212	3	10	1	2	87
1329996	12162	4	16	1	2	88
1344233	9963	2	11	1	2	89
1356120	5980	4	11	4	2	90
1364056	10527	3	13	1	2	91
1376393	9377	2	16	4	2	92
1387529	11928	5	16	4	2	93
1401500	6509	5	10	4	2	94
1409836	8160	2	13	1	2	95
1419772	7744	1	10	1	2	96
1516119	3803	3	22	0	3	49
1521071	3803	3	20	0	3	50
1526060	3800	1	24	0	3	51
1531159	3801	1	17	0	3	52
1536013	3798	2	19	0	3	53
1540976	3803	3	23	0	3	54
1545916	3800	2	18	0	3	55
1550818	3798	1	23	0	3	56
1555619	3798	2	21	0	3	57
1560649	3803	2	17	0	3	58
1565811	3792	1	19	0	3	59
1570991	3797	1	22	0	3	60
1576024	3799	3	18	0	3	61
1581111	3798	2	24	0	3	62
1585992	3800	3	19	0	3	63
1591074	3805	2	22	0	3	64
1596014	3798	1	18	0	3	65
1601039	3808	3	17	0	3	66
1606109	3807	3	24	0	3	67
1611040	3795	3	21	0	3	68
1615866	3804	2	23	0	3	69
1620774	3795	2	20	0	3	70
1625939	3799	1	21	0	3	71
1630905	3800	1	20	0	3	72
1675245	4091	2	19	1	3	97
1681313	8978	4	18	4	3	98
1692166	8745	6	22	4	3	99
1702719	36302	3	24	4	3	100
1740780	4131	3	20	1	3	101
1746782	10416	6	23	4	3	102
1759069	15067	5	22	1	3	103
1776174	4925	2	24	1	3	104
1782975	6216	4	20	4	3	105
1791028	5875	2	21	1	3	106
1798847	6342	6	21	4	3	107
1807016	21758	6	18	1	3	108
1830622	10844	5	23	4	3	109
1843526	5009	2	23	1	3	110
1850511	3227	1	21	1	3	111
1855830	6009	1	20	1	3	112
1863982	10927	4	19	1	3	113
1877019	11059	6	17	1	3	114
1889989	9811	1	24	1	3	115
1901676	6710	3	21	1	3	116
1910379	6942	5	19	1	3	117
1919164	7928	1	17	1	3	118
1928984	17761	4	21	4	3	119
1948790	8159	3	19	1	3	120
1959009	13793	3	17	4	3	121
1974980	7550	5	24	4	3	122
1984333	2045	3	23	1	3	123
1988318	3775	4	22	1	3	124
1993986	8826	2	20	1	3	125
2004605	12244	4	24	4	3	126
2018693	5676	3	18	1	3	127
2026495	6042	6	19	1	3	128
2034531	9593	4	23	1	3	129
2045967	7226	2	18	1	3	130
2055253	8975	2	17	1	3	131
2066356	6943	5	20	4	3	132
2075076	7676	6	24	4	3	133
2084478	13225	1	23	4	3	134
2099833	17513	6	20	1	3	135
2119188	8010	5	18	4	3	136
2129141	8677	1	22	4	3	137
2139661	15779	2	22	1	3	138
2157399	10328	4	17	1	3	139
2169719	3807	3	22	1	3	140
2175654	7079	5	17	1	3	141
2184657	7347	1	18	4	3	142
2193726	6611	1	19	1	3	143
2202462	15912	5	21	1	3	144
