27834	3814	1	4	0	1	1
32813	3801	2	4	0	1	2
37858	3792	3	4	0	1	3
42699	3803	1	7	0	1	4
47628	3792	1	3	0	1	5
52503	3803	3	7	0	1	6
57593	3796	3	5	0	1	7
62505	3802	3	1	0	1	8
67360	3799	1	8	0	1	9
72340	3804	1	5	0	1	10
77473	3807	2	2	0	1	11
82399	3799	2	1	0	1	12
87567	3798	3	8	0	1	13
92615	3803	1	2	0	1	14
97816	3802	1	1	0	1	15
102716	3804	3	6	0	1	16
107568	3803	2	8	0	1	17
112655	3801	3	2	0	1	18
117623	3801	1	6	0	1	19
122804	3804	2	7	0	1	20
127667	3793	2	6	0	1	21
132747	3798	3	3	0	1	22
137912	3801	2	5	0	1	23
142744	3805	2	3	0	1	24
432293	3192	5	6	4	1	1
437244	7540	4	1	4	1	2
446797	2425	2	7	1	1	3
451298	5422	5	1	4	1	4
458717	4027	2	4	1	1	5
464519	6577	6	1	4	1	6
473238	1794	6	5	1	1	7
476906	5008	1	4	4	1	8
484008	5559	4	4	1	1	9
491293	6859	1	2	4	1	10
500129	9210	5	8	1	1	11
511082	6461	3	6	4	1	12
519451	8877	3	5	1	1	13
530221	7076	3	1	1	1	14
539207	5429	6	3	4	1	15
546459	9145	6	6	4	1	16
557346	4160	3	7	1	1	17
563381	7627	4	8	1	1	18
573084	11512	2	1	1	1	19
586588	8760	2	2	4	1	20
597191	3743	2	8	1	1	21
602842	12246	5	2	4	1	22
616997	11686	1	1	4	1	23
630667	8078	6	8	1	1	24
640820	10877	3	3	1	1	25
653424	9944	5	7	4	1	26
665344	13162	5	5	4	1	27
680565	11494	2	5	1	1	28
693919	7996	5	4	4	1	29
703922	12828	4	5	4	1	30
718776	4259	3	4	1	1	31
724778	8063	1	6	1	1	32
734998	10843	5	3	4	1	33
747935	11731	4	2	1	1	34
761572	7658	4	7	4	1	35
771275	12395	2	6	4	1	36
785513	6042	1	5	1	1	37
793665	10028	6	2	1	1	38
805468	7493	6	4	4	1	39
815005	12231	3	8	4	1	40
829192	14493	4	6	4	1	41
845430	12111	6	7	1	1	42
859484	8625	1	3	4	1	43
869904	8943	1	8	1	1	44
880874	5759	4	3	4	1	45
888693	12444	2	3	4	1	46
902847	14617	1	7	4	1	47
919185	15262	3	2	4	1	48
988415	3797	3	11	0	2	25
993410	3805	1	13	0	2	26
998463	3802	3	9	0	2	27
1003561	3805	1	12	0	2	28
1008645	3808	1	15	0	2	29
1013674	3797	2	14	0	2	30
1018583	3804	3	13	0	2	31
1023535	3804	1	10	0	2	32
1028594	3797	2	13	0	2	33
1033386	3806	1	11	0	2	34
1038266	3794	3	16	0	2	35
1043336	3792	1	16	0	2	36
1048394	3801	2	16	0	2	37
1053179	3802	2	12	0	2	38
1058275	3808	3	10	0	2	39
1063324	3793	2	15	0	2	40
1068267	3802	1	9	0	2	41
1073263	3809	3	15	0	2	42
1078171	3801	1	14	0	2	43
1083091	3799	2	11	0	2	44
1088212	3795	2	10	0	2	45
1093236	3810	2	9	0	2	46
1098186	3791	3	14	0	2	47
1103179	3800	3	12	0	2	48
1165891	7209	6	9	4	2	49
1175010	8827	6	15	4	2	50
1185847	6259	2	13	4	2	51
1193866	9859	1	9	1	2	52
1206169	11294	4	16	4	2	53
1219256	58101	6	16	1	2	54
1279107	14577	1	10	4	2	55
1295645	6927	1	15	4	2	56
1304598	9260	4	14	4	2	57
1315901	11961	4	9	4	2	58
1329872	5157	3	13	1	2	59
1337091	8360	6	13	4	2	60
1347227	5124	4	12	1	2	61
1354146	12698	4	13	1	2	62
1368767	8892	2	14	1	2	63
1379653	8713	1	11	4	2	64
1390206	15996	4	10	1	2	65
1407995	9010	2	15	1	2	66
1418848	6176	6	10	4	2	67
1427117	11009	4	11	4	2	68
1440138	8076	2	9	1	2	69
1449924	7259	3	15	1	2	70
1459110	7277	6	12	4	2	71
1468129	8097	2	10	4	2	72
1478299	12592	1	13	4	2	73
1492920	11186	6	14	4	2	74
1506040	6459	5	11	4	2	75
1514426	11109	2	12	1	2	76
1527463	12762	2	11	1	2	77
1542201	12545	5	15	4	2	78
1556772	14960	1	16	4	2	79
1573693	12745	2	16	1	2	80
1588414	7643	5	12	4	2	81
1598001	9645	4	15	1	2	82
1609421	8361	3	16	1	2	83
1619590	12760	3	9	1	2	84
1634178	15444	5	9	4	2	85
1651433	11960	3	10	1	2	86
1665154	4641	5	16	4	2	87
1671622	6344	3	11	1	2	88
1679925	8827	3	14	4	2	89
1690711	9777	5	14	4	2	90
1702331	3674	3	12	1	2	91
1708066	14345	5	13	4	2	92
1724338	9225	1	14	4	2	93
1735541	11977	5	10	4	2	94
1749462	5200	6	11	1	2	95
1756514	11494	1	12	4	2	96
42826	3809	3	19	0	3	49
47715	3806	3	18	0	3	50
52580	3791	1	22	0	3	51
57342	3797	3	23	0	3	52
62421	3804	2	22	0	3	53
67301	3808	2	20	0	3	54
72305	3805	3	24	0	3	55
77336	3792	1	24	0	3	56
82258	3806	1	21	0	3	57
87060	3804	1	20	0	3	58
92227	3805	2	24	0	3	59
97074	3793	3	22	0	3	60
101885	3801	3	21	0	3	61
106774	3796	1	17	0	3	62
111706	3799	2	19	0	3	63
116502	3804	2	18	0	3	64
121455	3803	2	21	0	3	65
126334	3791	3	17	0	3	66
131464	3796	3	20	0	3	67
136430	3800	2	23	0	3	68
141494	3802	2	17	0	3	69
146343	3806	1	19	0	3	70
151324	3792	1	18	0	3	71
156426	3809	1	23	0	3	72
200740	5392	5	19	4	3	97
207975	3874	4	22	1	3	98
213594	2473	1	23	1	3	99
217962	3726	3	19	1	3	100
223730	8409	6	23	4	3	101
234266	9627	5	23	4	3	102
245886	6643	3	18	1	3	103
254405	5876	3	23	1	3	104
262258	6942	6	24	4	3	105
271293	8578	1	24	4	3	106
281763	9011	1	20	4	3	107
292566	7426	2	18	4	3	108
301819	3993	5	22	4	3	109
307704	8894	1	18	1	3	110
318540	7210	1	22	1	3	111
327610	8576	6	19	4	3	112
338029	10411	6	22	1	3	113
350416	6909	6	18	4	3	114
359285	7344	3	17	4	3	115
368538	6859	1	19	1	3	116
377290	11229	1	21	4	3	117
390394	3742	4	24	1	3	118
395912	9727	4	17	4	3	119
407482	3494	2	24	1	3	120
412967	7243	5	24	4	3	121
421953	1908	1	17	4	3	122
425588	6594	2	21	1	3	123
433990	12109	2	23	4	3	124
448044	4658	4	23	4	3	125
454763	7525	5	18	1	3	126
464265	11244	4	21	4	3	127
477586	9592	2	19	1	3	128
489172	5943	5	20	4	3	129
497025	6208	6	21	4	3	130
505110	10794	3	24	4	3	131
517981	9611	4	19	4	3	132
529551	3309	6	20	1	3	133
534619	6893	3	20	4	3	134
543438	6478	3	21	4	3	135
551707	4327	5	17	1	3	136
557892	3775	2	20	1	3	137
563377	11094	4	20	4	3	138
576547	1925	3	22	1	3	139
580465	12561	6	17	1	3	140
595053	8610	2	17	4	3	141
605406	10410	5	21	4	3	142
617542	5159	2	22	1	3	143
624661	6943	4	18	4	3	144
707295	3796	2	26	0	4	73
712180	3796	2	30	0	4	74
717061	3800	3	32	0	4	75
722007	3805	2	31	0	4	76
727005	3792	1	28	0	4	77
732142	3806	1	30	0	4	78
737183	3800	3	30	0	4	79
742229	3807	3	25	0	4	80
747351	3802	1	27	0	4	81
752530	3791	3	31	0	4	82
757691	3798	2	28	0	4	83
762643	3797	2	25	0	4	84
767616	3793	1	29	0	4	85
772621	3806	2	32	0	4	86
777564	3799	3	29	0	4	87
782606	3807	1	25	0	4	88
787408	3806	2	27	0	4	89
792407	3794	1	31	0	4	90
797321	3797	2	29	0	4	91
802164	3804	1	26	0	4	92
807023	3797	3	28	0	4	93
812043	3796	3	26	0	4	94
816862	3794	1	32	0	4	95
821653	3804	3	27	0	4	96
866730	3327	6	32	4	4	145
871815	3292	1	30	1	4	146
876850	2525	3	27	1	4	147
881201	1626	3	30	1	4	148
884669	7975	4	25	4	4	149
894422	4993	6	27	4	4	150
901257	5627	2	26	1	4	151
908842	1993	2	32	1	4	152
912677	9576	5	29	4	4	153
924113	4509	3	25	1	4	154
930532	9162	4	31	1	4	155
941768	7259	6	29	4	4	156
950754	13029	1	28	1	4	157
965542	8709	2	31	1	4	158
976162	9261	5	26	1	4	159
987215	7109	3	26	1	4	160
996417	3764	3	29	4	4	161
1002052	3077	4	30	4	4	162
1007237	5926	1	26	4	4	163
1015039	8593	2	29	4	4	164
1025476	4311	1	31	1	4	165
1031777	5843	4	28	1	4	166
1039413	5942	1	29	4	4	167
1047165	9477	3	28	4	4	168
1058618	5995	6	31	4	4	169
1066387	3227	4	27	4	4	170
1071589	14228	3	31	4	4	171
1087760	8110	6	26	4	4	172
1098030	9043	4	26	4	4	173
1109033	7375	2	25	4	4	174
1118486	5126	4	32	4	4	175
1125554	6212	5	31	4	4	176
1133523	6661	4	29	4	4	177
1141976	1374	2	28	1	4	178
1145127	6359	5	30	4	4	179
1153479	8226	6	25	1	4	180
1163715	1748	2	27	1	4	181
1167233	9678	6	30	4	4	182
1178970	11442	5	25	1	4	183
1192140	6526	1	27	1	4	184
1200476	6722	6	28	1	4	185
1209162	13948	1	32	4	4	186
1224999	2927	2	30	1	4	187
1229851	12761	5	27	4	4	188
1244372	3644	1	25	1	4	189
1249890	9099	5	32	4	4	190
1260976	7008	5	28	4	4	191
1269762	4259	3	32	1	4	192
